timestamp,temp,batt_mV,soundDroop_mV,boltDroop_mV,faults,batteryLevel,Time Elapsed (hours),soundDroopMag_mV,boltDroopMag_mV,meanLevel,nnLevel,fault_brownout,fault_bolt,fault_sound,fault_sound_brownout,fault_bolt_brownout
946685963,-7,3236,2783,2275,0,51,0.0,453,961,3,3,False,False,False,False,False
946687767,-8,2949,2553,2157,0,51,0.5011111111111111,396,792,3,3,False,False,False,False,False
946689572,-8,2898,2481,2007,0,51,1.0025,417,891,3,3,False,False,False,False,False
946691376,-8,2874,2460,2036,0,51,1.503611111111111,414,838,3,3,False,False,False,False,False
946693180,-8,2874,2458,1975,0,51,2.004722222222222,416,899,3,3,False,False,False,False,False
946694984,-9,2879,2464,2052,0,51,2.5058333333333334,415,827,3,3,False,False,False,False,False
946696788,-9,2871,2464,1965,0,51,3.0069444444444446,407,906,3,3,False,False,False,False,False
946698592,-9,2871,2471,2037,0,51,3.5080555555555555,400,834,3,3,False,False,False,False,False
946700396,-9,2869,2472,1964,0,51,4.009166666666666,397,905,3,3,False,False,False,False,False
946702200,-9,2868,2474,2043,0,51,4.510277777777778,394,825,3,3,False,False,False,False,False
946704004,-9,2870,2475,1964,0,51,5.011388888888889,395,906,3,3,False,False,False,False,False
946705807,-9,2867,2478,2054,0,51,5.512222222222222,389,813,3,3,False,False,False,False,False
946707611,-9,2869,2478,1963,0,51,6.013333333333334,391,906,3,3,False,False,False,False,False
946709415,-9,2868,2480,2061,0,51,6.514444444444444,388,807,3,3,False,False,False,False,False
946711219,-9,2866,2486,1968,0,51,7.015555555555555,380,898,3,3,False,False,False,False,False
946713023,-9,2861,2478,2059,0,51,7.516666666666667,383,802,3,3,False,False,False,False,False
946714827,-9,2869,2478,1976,0,51,8.017777777777777,391,893,3,3,False,False,False,False,False
946716631,-9,2863,2483,2066,0,51,8.518888888888888,380,797,3,3,False,False,False,False,False
946718435,-9,2863,2484,1994,0,51,9.02,379,869,3,3,False,False,False,False,False
946720239,-9,2870,2481,2059,0,51,9.52111111111111,389,811,3,3,False,False,False,False,False
946722043,-9,2866,2483,1977,0,51,10.022222222222222,383,889,3,3,False,False,False,False,False
946723847,-9,2860,2490,2064,0,51,10.523333333333333,370,796,3,3,False,False,False,False,False
946725650,-8,2866,2490,1979,0,51,11.024166666666666,376,887,3,3,False,False,False,False,False
946727454,-9,2862,2484,2054,0,51,11.525277777777777,378,808,3,3,False,False,False,False,False
946729258,-8,2865,2485,1978,0,51,12.026388888888889,380,887,3,3,False,False,False,False,False
946731062,-9,2863,2489,2061,0,51,12.5275,374,802,3,3,False,False,False,False,False
946732866,-8,2862,2485,1965,0,51,13.028611111111111,377,897,3,3,False,False,False,False,False
946734670,-9,2862,2487,2039,0,51,13.529722222222222,375,823,3,3,False,False,False,False,False
946736474,-8,2865,2487,1976,0,51,14.030833333333334,378,889,3,3,False,False,False,False,False
946738278,-9,2866,2489,2054,0,51,14.531944444444445,377,812,3,3,False,False,False,False,False
946740082,-9,2852,2487,1989,0,51,15.033055555555556,365,863,3,3,False,False,False,False,False
946741886,-8,2870,2491,2059,0,51,15.534166666666666,379,811,3,3,False,False,False,False,False
946743690,-8,2863,2489,1975,0,51,16.03527777777778,374,888,3,3,False,False,False,False,False
946745494,-9,2860,2487,2056,0,51,16.53638888888889,373,804,3,3,False,False,False,False,False
946747297,-9,2862,2488,1976,0,51,17.037222222222223,374,886,3,3,False,False,False,False,False
946749102,-9,2865,2491,2057,0,51,17.538611111111113,374,808,3,3,False,False,False,False,False
946750905,-9,2867,2487,1969,0,51,18.039444444444445,380,898,3,3,False,False,False,False,False
946752709,-9,2856,2485,2055,0,51,18.540555555555557,371,801,3,3,False,False,False,False,False
946754513,-8,2866,2488,1961,0,51,19.041666666666668,378,905,3,3,False,False,False,False,False
946756317,-9,2853,2485,2048,0,51,19.54277777777778,368,805,3,3,False,False,False,False,False
946758121,-8,2870,2489,1971,0,51,20.04388888888889,381,899,3,3,False,False,False,False,False
946759925,-9,2858,2490,2048,0,51,20.545,368,810,3,3,False,False,False,False,False
946761729,-9,2866,2483,1958,0,51,21.04611111111111,383,908,3,3,False,False,False,False,False
946763533,-9,2856,2483,2048,0,51,21.54722222222222,373,808,3,3,False,False,False,False,False
946765337,-9,2863,2486,1961,0,51,22.048333333333332,377,902,3,3,False,False,False,False,False
946767141,-9,2861,2487,2044,0,51,22.549444444444443,374,817,3,3,False,False,False,False,False
946768945,-8,2861,2488,1960,0,51,23.050555555555555,373,901,3,3,False,False,False,False,False
946770749,-9,2856,2480,2039,0,51,23.551666666666666,376,817,3,3,False,False,False,False,False
946772552,-9,2861,2485,1963,0,51,24.0525,376,898,3,3,False,False,False,False,False
946774356,-9,2856,2486,2039,0,51,24.55361111111111,370,817,3,3,False,False,False,False,False
946776160,-9,2852,2478,1969,0,51,25.05472222222222,374,883,3,3,False,False,False,False,False
946777964,-8,2858,2480,2040,0,51,25.555833333333332,378,818,3,3,False,False,False,False,False
946779768,-8,2862,2480,1952,0,51,26.056944444444444,382,910,3,3,False,False,False,False,False
946781572,-9,2852,2481,2022,0,51,26.558055555555555,371,830,3,3,False,False,False,False,False
946783376,-9,2854,2483,1949,0,51,27.059166666666666,371,905,3,3,False,False,False,False,False
946785180,-9,2851,2472,2015,0,51,27.560277777777777,379,836,3,3,False,False,False,False,False
946786984,-8,2843,2477,1952,0,51,28.06138888888889,366,891,3,3,False,False,False,False,False
946788788,-9,2850,2474,2020,0,51,28.5625,376,830,3,3,False,False,False,False,False
946790592,-8,2843,2477,1924,0,51,29.06361111111111,366,919,3,3,False,False,False,False,False
946792396,-9,2841,2472,2005,0,51,29.564722222222223,369,836,3,3,False,False,False,False,False
946794199,-9,2847,2478,1923,0,51,30.065555555555555,369,924,3,3,False,False,False,False,False
946796003,-9,2849,2471,2006,0,51,30.566666666666666,378,843,3,3,False,False,False,False,False
946797807,-8,2839,2470,1905,0,51,31.067777777777778,369,934,3,3,False,False,False,False,False
946799611,-9,2839,2467,1988,0,51,31.56888888888889,372,851,3,3,False,False,False,False,False
946801415,-9,2838,2460,1895,0,51,32.07,378,943,3,3,False,False,False,False,False
946803219,-9,2835,2465,2001,0,51,32.57111111111111,370,834,3,3,False,False,False,False,False
946805023,-9,2829,2463,1901,0,51,33.07222222222222,366,928,3,3,False,False,False,False,False
946806827,-9,2835,2458,1988,0,51,33.57333333333333,377,847,3,3,False,False,False,False,False
946808631,-8,2835,2455,1885,0,51,34.074444444444445,380,950,3,3,False,False,False,False,False
946810435,-9,2825,2448,1976,0,51,34.57555555555555,377,849,3,3,False,False,False,False,False
946812238,-9,2826,2448,1867,0,51,35.076388888888886,378,959,3,3,False,False,False,False,False
946814042,-9,2824,2446,1970,0,51,35.5775,378,854,3,3,False,False,False,False,False
946815846,-8,2822,2448,1873,0,51,36.07861111111111,374,949,3,3,False,False,False,False,False
946817651,-9,2821,2440,1944,0,51,36.58,381,877,3,3,False,False,False,False,False
946819455,-8,2818,2436,1862,0,51,37.08111111111111,382,956,3,3,False,False,False,False,False
946821259,-9,2810,2431,1929,0,51,37.58222222222222,379,881,3,3,False,False,False,False,False
946823062,-9,2814,2433,1836,0,51,38.08305555555555,381,978,3,3,False,False,False,False,False
946824866,-9,2804,2427,1932,0,51,38.58416666666667,377,872,3,3,False,False,False,False,False
946826670,-8,2805,2422,1812,0,51,39.085277777777776,383,993,3,3,False,False,False,False,False
946828474,-9,2802,2414,1905,0,51,39.58638888888889,388,897,3,3,False,False,False,False,False
946830278,-8,2796,2413,1785,0,51,40.0875,383,1011,3,3,False,False,False,False,False
946832082,-9,2792,2409,1880,0,51,40.58861111111111,383,912,3,3,False,False,False,False,False
946833886,-8,2800,2409,1763,0,51,41.08972222222222,391,1037,3,3,False,False,False,False,False
946835690,-8,2792,2401,1872,0,51,41.590833333333336,391,920,3,3,False,False,False,False,False
946837494,-8,2784,2394,1736,0,51,42.091944444444444,390,1048,3,3,False,False,False,False,False
946839299,-8,2784,2388,1840,0,51,42.593333333333334,396,944,3,3,False,False,False,False,False
946841103,-8,2776,2385,1701,0,51,43.09444444444444,391,1075,3,3,False,False,False,False,False
946842907,-8,2766,2378,1816,0,51,43.595555555555556,388,950,3,3,False,False,False,False,False
946844710,-8,2765,2368,1662,0,51,44.09638888888889,397,1103,3,3,False,False,False,False,False
946846514,-8,2762,2354,1784,0,51,44.5975,408,978,3,3,False,False,False,False,False
946848318,-9,2763,2357,1615,0,51,45.09861111111111,406,1148,3,3,False,False,False,False,False
946850122,-9,2745,2324,1667,0,51,45.59972222222222,421,1078,3,3,False,False,False,False,False
946851926,-8,2736,2325,1395,0,51,46.100833333333334,411,1341,3,3,False,False,False,False,False
946853730,-8,2732,2311,1613,0,51,46.60194444444444,421,1119,3,3,False,False,False,False,False
946855534,-9,2724,2297,1270,0,51,47.10305555555556,427,1454,3,3,False,False,False,False,False
946857338,-8,2713,2282,1496,0,51,47.604166666666664,431,1217,3,3,False,False,False,False,False
946859141,-8,2702,2269,1223,0,51,48.105,433,1479,3,3,False,False,False,False,False
946860946,-8,2698,2258,1387,0,51,48.60638888888889,440,1311,3,3,False,False,False,False,False
946862749,-8,2683,2237,1094,0,51,49.10722222222222,446,1589,3,3,False,False,False,False,False
946864554,-8,2675,2225,1116,0,34,49.60861111111111,450,1559,2,2,False,False,False,False,False
946866358,-8,2664,2204,894,0,34,50.109722222222224,460,1770,2,2,False,False,False,False,False
946868162,-8,2652,2184,928,0,34,50.61083333333333,468,1724,2,2,False,False,False,False,False
946869967,-8,2638,2161,896,0,34,51.11222222222222,477,1742,2,2,False,False,False,False,False
946871771,-8,2620,2134,915,0,34,51.61333333333334,486,1705,2,2,False,False,False,False,False
946873576,-8,2613,2108,893,0,34,52.11472222222222,505,1720,2,2,False,False,False,False,False
946875381,-8,2590,2067,879,0,18,52.61611111111111,523,1711,2,1,False,False,False,False,False
946877186,-8,2578,2020,822,0,17,53.1175,558,1756,1,1,False,False,False,False,False
946878990,-8,2551,1958,806,0,17,53.618611111111115,593,1745,1,1,False,False,False,False,False
946880795,-8,2518,1862,784,0,17,54.12,656,1734,1,1,False,False,False,False,False
946882600,-8,2486,1726,767,0,17,54.62138888888889,760,1719,1,1,False,False,False,False,False
946884405,-8,2438,1504,748,0,17,55.12277777777778,934,1690,1,1,False,False,False,False,False
946886209,-8,2311,790,739,4,17,55.62388888888889,1521,1572,1,1,False,False,True,False,False
946888014,-8,2282,680,706,4,17,56.125277777777775,1602,1576,1,1,False,False,True,False,False
