timestamp,temp,batt_mV,soundDroop_mV,boltDroop_mV,faults,batteryLevel,Time Elapsed (hours),soundDroopMag_mV,boltDroopMag_mV,meanLevel,nnLevel,fault_brownout,fault_bolt,fault_sound,fault_sound_brownout,fault_bolt_brownout
946688361,38,3161,3107,3089,0,51,0.0,54,72,3,3,False,False,False,False,False
946690164,39,3029,2964,2951,0,51,0.5008333333333334,65,78,3,3,False,False,False,False,False
946691968,39,2988,2921,2905,0,51,1.0019444444444445,67,83,3,3,False,False,False,False,False
946693771,39,2976,2915,2901,0,51,1.5027777777777778,61,75,3,3,False,False,False,False,False
946695574,39,2965,2910,2894,0,51,2.0036111111111112,55,71,3,3,False,False,False,False,False
946697378,39,2968,2904,2889,0,51,2.504722222222222,64,79,3,3,False,False,False,False,False
946699181,39,2966,2904,2893,0,51,3.0055555555555555,62,73,3,3,False,False,False,False,False
946700985,39,2971,2901,2885,0,51,3.506666666666667,70,86,3,3,False,False,False,False,False
946702788,39,2969,2900,2889,0,51,4.0075,69,80,3,3,False,False,False,False,False
946704591,39,2965,2903,2886,0,51,4.508333333333334,62,79,3,3,False,False,False,False,False
946706395,39,2964,2897,2884,0,51,5.009444444444444,67,80,3,3,False,False,False,False,False
946708198,39,2963,2900,2884,0,51,5.510277777777778,63,79,3,3,False,False,False,False,False
946710001,39,2959,2895,2887,0,51,6.011111111111111,64,72,3,3,False,False,False,False,False
946711805,39,2964,2898,2881,0,51,6.512222222222222,66,83,3,3,False,False,False,False,False
946713608,39,2959,2898,2883,0,51,7.013055555555556,61,76,3,3,False,False,False,False,False
946715411,39,2957,2898,2881,0,51,7.513888888888889,59,76,3,3,False,False,False,False,False
946717215,39,2963,2895,2884,0,51,8.015,68,79,3,3,False,False,False,False,False
946719018,39,2952,2895,2886,0,51,8.515833333333333,57,66,3,3,False,False,False,False,False
946720821,39,2958,2896,2878,0,51,9.016666666666667,62,80,3,3,False,False,False,False,False
946722625,39,2961,2894,2879,0,51,9.517777777777777,67,82,3,3,False,False,False,False,False
946724428,39,2956,2891,2876,0,51,10.018611111111111,65,80,3,3,False,False,False,False,False
946726231,39,2962,2892,2882,0,51,10.519444444444444,70,80,3,3,False,False,False,False,False
946728035,39,2955,2894,2882,0,51,11.020555555555555,61,73,3,3,False,False,False,False,False
946729838,39,2961,2894,2883,0,51,11.52138888888889,67,78,3,3,False,False,False,False,False
946731641,39,2956,2892,2882,0,51,12.022222222222222,64,74,3,3,False,False,False,False,False
946733445,39,2963,2889,2877,0,51,12.523333333333333,74,86,3,3,False,False,False,False,False
946735248,39,2951,2891,2880,0,51,13.024166666666666,60,71,3,3,False,False,False,False,False
946737052,39,2951,2891,2884,0,51,13.525277777777777,60,67,3,3,False,False,False,False,False
946738855,39,2961,2895,2885,0,51,14.026111111111112,66,76,3,3,False,False,False,False,False
946740658,39,2966,2894,2881,0,51,14.526944444444444,72,85,3,3,False,False,False,False,False
946742462,39,2956,2896,2879,0,51,15.028055555555556,60,77,3,3,False,False,False,False,False
946744265,39,2965,2895,2881,0,51,15.528888888888888,70,84,3,3,False,False,False,False,False
946746068,39,2955,2892,2882,0,51,16.029722222222222,63,73,3,3,False,False,False,False,False
946747872,39,2962,2894,2879,0,51,16.530833333333334,68,83,3,3,False,False,False,False,False
946749675,39,2956,2895,2881,0,51,17.031666666666666,61,75,3,3,False,False,False,False,False
946751478,39,2961,2895,2881,0,51,17.5325,66,80,3,3,False,False,False,False,False
946753282,39,2962,2893,2881,0,51,18.03361111111111,69,81,3,3,False,False,False,False,False
946755085,39,2958,2886,2879,0,51,18.534444444444443,72,79,3,3,False,False,False,False,False
946756888,39,2955,2894,2880,0,51,19.03527777777778,61,75,3,3,False,False,False,False,False
946758692,39,2951,2895,2881,0,51,19.53638888888889,56,70,3,3,False,False,False,False,False
946760495,39,2958,2898,2877,0,51,20.037222222222223,60,81,3,3,False,False,False,False,False
946762298,39,2959,2891,2881,0,51,20.538055555555555,68,78,3,3,False,False,False,False,False
946764102,39,2958,2889,2875,0,51,21.039166666666667,69,83,3,3,False,False,False,False,False
946765905,39,2959,2891,2880,0,51,21.54,68,79,3,3,False,False,False,False,False
946767708,39,2956,2891,2878,0,51,22.04083333333333,65,78,3,3,False,False,False,False,False
946769512,39,2957,2891,2877,0,51,22.541944444444443,66,80,3,3,False,False,False,False,False
946771315,39,2957,2891,2873,0,51,23.04277777777778,66,84,3,3,False,False,False,False,False
946773118,39,2951,2892,2871,0,51,23.54361111111111,59,80,3,3,False,False,False,False,False
946774922,39,2961,2889,2875,0,51,24.044722222222223,72,86,3,3,False,False,False,False,False
946776725,39,2952,2891,2869,0,51,24.545555555555556,61,83,3,3,False,False,False,False,False
946778529,39,2955,2885,2869,0,51,25.046666666666667,70,86,3,3,False,False,False,False,False
946780332,39,2961,2886,2872,0,51,25.5475,75,89,3,3,False,False,False,False,False
946782135,39,2956,2889,2873,0,51,26.048333333333332,67,83,3,3,False,False,False,False,False
946783939,39,2951,2886,2870,0,51,26.549444444444443,65,81,3,3,False,False,False,False,False
946785742,39,2952,2889,2871,0,51,27.05027777777778,63,81,3,3,False,False,False,False,False
946787545,39,2954,2878,2870,0,51,27.551111111111112,76,84,3,3,False,False,False,False,False
946789348,39,2955,2883,2869,0,51,28.051944444444445,72,86,3,3,False,False,False,False,False
946791152,39,2950,2884,2866,0,51,28.553055555555556,66,84,3,3,False,False,False,False,False
946792955,39,2947,2884,2868,0,51,29.05388888888889,63,79,3,3,False,False,False,False,False
946794758,39,2953,2882,2864,0,51,29.55472222222222,71,89,3,3,False,False,False,False,False
946796562,39,2956,2880,2864,0,51,30.055833333333332,76,92,3,3,False,False,False,False,False
946798365,39,2946,2875,2862,0,51,30.55666666666667,71,84,3,3,False,False,False,False,False
946800168,39,2954,2877,2864,0,51,31.0575,77,90,3,3,False,False,False,False,False
946801972,39,2951,2876,2855,0,51,31.558611111111112,75,96,3,3,False,False,False,False,False
946803775,39,2943,2876,2855,0,51,32.059444444444445,67,88,3,3,False,False,False,False,False
946805578,39,2947,2871,2858,0,51,32.56027777777778,76,89,3,3,False,False,False,False,False
946807382,39,2944,2875,2856,0,51,33.06138888888889,69,88,3,3,False,False,False,False,False
946809185,39,2947,2872,2851,0,51,33.562222222222225,75,96,3,3,False,False,False,False,False
946810989,39,2948,2867,2851,0,51,34.06333333333333,81,97,3,3,False,False,False,False,False
946812792,39,2942,2865,2849,0,51,34.564166666666665,77,93,3,3,False,False,False,False,False
946814595,39,2943,2868,2848,0,51,35.065,75,95,3,3,False,False,False,False,False
946816399,39,2938,2860,2845,0,51,35.56611111111111,78,93,3,3,False,False,False,False,False
946818202,39,2946,2868,2848,0,51,36.066944444444445,78,98,3,3,False,False,False,False,False
946820005,39,2939,2861,2842,0,51,36.56777777777778,78,97,3,3,False,False,False,False,False
946821808,39,2939,2862,2844,0,51,37.06861111111111,77,95,3,3,False,False,False,False,False
946823612,39,2935,2852,2842,0,51,37.569722222222225,83,93,3,3,False,False,False,False,False
946825415,39,2932,2854,2835,0,51,38.07055555555556,78,97,3,3,False,False,False,False,False
946827218,39,2935,2857,2836,0,51,38.57138888888889,78,99,3,3,False,False,False,False,False
946829022,39,2932,2852,2836,0,51,39.0725,80,96,3,3,False,False,False,False,False
946830825,39,2932,2852,2833,0,51,39.57333333333333,80,99,3,3,False,False,False,False,False
946832628,39,2922,2847,2827,0,51,40.07416666666666,75,95,3,3,False,False,False,False,False
946834432,39,2925,2848,2825,0,51,40.57527777777778,77,100,3,3,False,False,False,False,False
946836235,39,2924,2848,2821,0,51,41.07611111111111,76,103,3,3,False,False,False,False,False
946838038,39,2928,2839,2822,0,51,41.57694444444444,89,106,3,3,False,False,False,False,False
946839842,39,2924,2835,2819,0,51,42.07805555555556,89,105,3,3,False,False,False,False,False
946841645,39,2913,2833,2817,0,51,42.57888888888889,80,96,3,3,False,False,False,False,False
946843448,39,2922,2833,2812,0,51,43.07972222222222,89,110,3,3,False,False,False,False,False
946845252,39,2909,2831,2810,0,51,43.58083333333333,78,99,3,3,False,False,False,False,False
946847055,39,2903,2823,2801,0,51,44.08166666666666,80,102,3,3,False,False,False,False,False
946848859,39,2910,2821,2799,0,51,44.58277777777778,89,111,3,3,False,False,False,False,False
946850662,39,2897,2816,2796,0,51,45.08361111111111,81,101,3,3,False,False,False,False,False
946852465,39,2903,2812,2783,0,51,45.58444444444444,91,120,3,3,False,False,False,False,False
946854268,39,2894,2810,2785,0,51,46.085277777777776,84,109,3,3,False,False,False,False,False
946856072,39,2891,2796,2784,0,51,46.58638888888889,95,107,3,3,False,False,False,False,False
946857875,39,2888,2796,2775,0,51,47.08722222222222,92,113,3,3,False,False,False,False,False
946859679,39,2884,2792,2772,0,51,47.58833333333333,92,112,3,3,False,False,False,False,False
946861482,39,2881,2792,2770,0,51,48.089166666666664,89,111,3,3,False,False,False,False,False
946863285,39,2878,2788,2766,0,51,48.59,90,112,3,3,False,False,False,False,False
946865089,39,2878,2779,2750,0,51,49.09111111111111,99,128,3,3,False,False,False,False,False
946866892,39,2867,2775,2752,0,51,49.591944444444444,92,115,3,3,False,False,False,False,False
946868695,39,2861,2764,2747,0,51,50.092777777777776,97,114,3,3,False,False,False,False,False
946870499,39,2865,2763,2743,0,51,50.59388888888889,102,122,3,3,False,False,False,False,False
946872302,39,2856,2762,2733,0,51,51.094722222222224,94,123,3,3,False,False,False,False,False
946874105,39,2846,2758,2733,0,51,51.595555555555556,88,113,3,3,False,False,False,False,False
946875909,39,2851,2752,2722,0,51,52.096666666666664,99,129,3,3,False,False,False,False,False
946877712,39,2845,2742,2718,0,51,52.5975,103,127,3,3,False,False,False,False,False
946879516,39,2835,2738,2711,0,51,53.09861111111111,97,124,3,3,False,False,False,False,False
946881319,39,2833,2732,2709,0,51,53.599444444444444,101,124,3,3,False,False,False,False,False
946883122,39,2829,2729,2702,0,51,54.10027777777778,100,127,3,3,False,False,False,False,False
946884926,39,2827,2722,2694,0,51,54.60138888888889,105,133,3,3,False,False,False,False,False
946886729,39,2818,2715,2688,0,51,55.102222222222224,103,130,3,3,False,False,False,False,False
946888532,39,2817,2711,2683,0,51,55.60305555555556,106,134,3,3,False,False,False,False,False
946890336,39,2809,2705,2678,0,51,56.104166666666664,104,131,3,3,False,False,False,False,False
946892139,39,2810,2703,2671,0,51,56.605,107,139,3,3,False,False,False,False,False
946893942,39,2800,2697,2665,0,51,57.10583333333334,103,135,3,3,False,False,False,False,False
946895746,39,2803,2691,2655,0,51,57.606944444444444,112,148,3,3,False,False,False,False,False
946897549,39,2796,2680,2656,0,51,58.10777777777778,116,140,3,3,False,False,False,False,False
946899352,39,2793,2681,2643,0,51,58.60861111111111,112,150,3,3,False,False,False,False,False
946901156,39,2782,2674,2635,0,35,59.109722222222224,108,147,3,2,False,False,False,False,False
946902959,39,2791,2667,2633,0,51,59.61055555555556,124,158,3,3,False,False,False,False,False
946904762,39,2779,2660,2627,0,35,60.11138888888889,119,152,3,2,False,False,False,False,False
946906566,39,2773,2650,2610,0,35,60.6125,123,163,3,2,False,False,False,False,False
946908369,39,2771,2645,2605,0,35,61.11333333333334,126,166,3,2,False,False,False,False,False
946910172,39,2767,2637,2598,0,34,61.61416666666667,130,169,2,2,False,False,False,False,False
946911976,39,2749,2633,2596,0,34,62.11527777777778,116,153,2,2,False,False,False,False,False
946913779,39,2756,2628,2576,0,34,62.61611111111111,128,180,2,2,False,False,False,False,False
946915582,39,2749,2619,2583,0,34,63.11694444444444,130,166,2,2,False,False,False,False,False
946917386,39,2745,2610,2573,0,34,63.61805555555556,135,172,2,2,False,False,False,False,False
946919189,39,2732,2607,2563,0,34,64.11888888888889,125,169,2,2,False,False,False,False,False
946920992,39,2734,2594,2553,0,34,64.61972222222222,140,181,2,2,False,False,False,False,False
946922796,39,2723,2587,2535,0,34,65.12083333333334,136,188,2,2,False,False,False,False,False
946924599,39,2722,2581,2532,0,34,65.62166666666667,141,190,2,2,False,False,False,False,False
946926403,39,2710,2568,2522,0,34,66.12277777777778,142,188,2,2,False,False,False,False,False
946928206,39,2702,2561,2501,0,34,66.62361111111112,141,201,2,2,False,False,False,False,False
946930009,39,2698,2548,2499,0,34,67.12444444444445,150,199,2,2,False,False,False,False,False
946931813,39,2688,2541,2485,0,34,67.62555555555555,147,203,2,2,False,False,False,False,False
946933616,39,2691,2524,2469,0,34,68.12638888888888,167,222,2,2,False,False,False,False,False
946935419,39,2677,2508,2453,0,34,68.62722222222222,169,224,2,2,False,False,False,False,False
946937223,39,2667,2486,2418,0,34,69.12833333333333,181,249,2,2,False,False,False,False,False
946939026,39,2650,2473,2406,0,18,69.62916666666666,177,244,2,1,False,False,False,False,False
946940829,39,2635,2458,2380,0,18,70.13,177,255,2,1,False,False,False,False,False
946942633,39,2628,2435,2361,0,18,70.63111111111111,193,267,2,1,False,False,False,False,False
946944436,39,2614,2409,2333,0,17,71.13194444444444,205,281,1,1,False,False,False,False,False
946946239,39,2602,2391,2312,0,17,71.63277777777778,211,290,1,1,False,False,False,False,False
946948043,39,2577,2371,2274,0,17,72.13388888888889,206,303,1,1,False,False,False,False,False
946949846,39,2577,2342,2250,0,17,72.63472222222222,235,327,1,1,False,False,False,False,False
946951649,39,2551,2311,2204,0,17,73.13555555555556,240,347,1,1,False,False,False,False,False
946953453,39,2524,2275,2160,0,17,73.63666666666667,249,364,1,1,False,False,False,False,False
946955256,39,2507,2231,2094,0,17,74.1375,276,413,1,1,False,False,False,False,False
946957059,39,2484,2172,2018,0,17,74.63833333333334,312,466,1,1,False,False,False,False,False
946958863,39,2449,2061,1775,0,17,75.13944444444445,388,674,1,1,False,False,False,False,False
946960666,39,2415,1967,1585,0,17,75.64027777777778,448,830,1,1,False,False,False,False,False
946962470,39,2360,1658,637,0,17,76.14138888888888,702,1723,1,1,False,False,False,False,False
946963401,39,2368,622,626,6,17,76.4,1746,1742,1,1,False,True,True,False,False
946964335,39,2370,627,649,4,17,76.65944444444445,1743,1721,1,1,False,False,True,False,False
946965267,39,2370,617,638,6,17,76.91833333333334,1753,1732,1,1,False,True,True,False,False
946966177,39,2389,608,632,4,17,77.17111111111112,1781,1757,1,1,False,False,True,False,False
946967089,39,2388,610,639,6,17,77.42444444444445,1778,1749,1,1,False,True,True,False,False
946968021,39,2389,609,635,4,17,77.68333333333334,1780,1754,1,1,False,False,True,False,False
946968937,39,2398,605,638,6,17,77.93777777777778,1793,1760,1,1,False,True,True,False,False
946969898,39,2369,608,635,4,17,78.20472222222222,1761,1734,1,1,False,False,True,False,False
946970804,39,2392,608,628,6,17,78.4563888888889,1784,1764,1,1,False,True,True,False,False
946971710,39,2408,606,638,4,17,78.70805555555556,1802,1770,1,1,False,False,True,False,False
946972622,39,2405,609,633,6,17,78.96138888888889,1796,1772,1,1,False,True,True,False,False
946973554,39,2398,604,629,4,17,79.22027777777778,1794,1769,1,1,False,False,True,False,False
946974461,39,2404,608,639,6,17,79.47222222222223,1796,1765,1,1,False,True,True,False,False
946975377,39,2397,594,633,4,17,79.72666666666667,1803,1764,1,1,False,False,True,False,False
946976295,39,2400,605,633,6,17,79.98166666666667,1795,1767,1,1,False,True,True,False,False
946977207,39,2406,592,626,4,17,80.235,1814,1780,1,1,False,False,True,False,False
946978116,39,2409,600,636,6,17,80.4875,1809,1773,1,1,False,True,True,False,False
946979022,39,2415,602,634,4,17,80.73916666666666,1813,1781,1,1,False,False,True,False,False
946979932,39,2419,600,628,6,17,80.99194444444444,1819,1791,1,1,False,True,True,False,False
946980838,39,2420,592,623,4,17,81.24361111111111,1828,1797,1,1,False,False,True,False,False
946981753,39,2423,602,635,6,17,81.49777777777778,1821,1788,1,1,False,True,True,False,False
946982659,39,2426,600,632,4,17,81.74944444444445,1826,1794,1,1,False,False,True,False,False
946984501,39,2415,599,635,6,17,82.2611111111111,1816,1780,1,1,False,True,True,False,False
946989919,39,2440,599,626,4,17,83.76611111111112,1841,1814,1,1,False,False,True,False,False
946993532,39,2458,596,626,6,17,84.76972222222223,1862,1832,1,1,False,True,True,False,False
946994439,39,2460,596,627,4,17,85.02166666666666,1864,1833,1,1,False,False,True,False,False
946995345,39,2459,596,626,6,17,85.27333333333333,1863,1833,1,1,False,True,True,False,False
946998965,39,2466,594,628,4,17,86.27888888888889,1872,1838,1,1,False,False,True,False,False
947000776,39,2469,589,623,6,17,86.78194444444445,1880,1846,1,1,False,True,True,False,False
947005293,39,2476,591,630,4,17,88.03666666666666,1885,1846,1,1,False,False,True,False,False
947017925,39,2496,587,623,6,17,91.54555555555555,1909,1873,1,1,False,True,True,False,False
947022440,39,2506,590,622,4,17,92.79972222222223,1916,1884,1,1,False,False,True,False,False
