timestamp,temp,batt_mV,soundDroop_mV,boltDroop_mV,faults,Time Elapsed (hours),soundDroopMag_mV,boltDroopMag_mV,fault_brownout,fault_bolt,fault_sound,fault_sound_brownout,fault_bolt_brownout
946685773,54,3189,2923,2771,0,0.0,266,418,False,False,False,False,False
946687576,57,3044,2762,2632,0,0.5008333333333334,282,412,False,False,False,False,False
946689380,58,3019,2733,2580,0,1.0019444444444445,286,439,False,False,False,False,False
946691183,58,3002,2715,2589,0,1.5027777777777778,287,413,False,False,False,False,False
946692986,58,3009,2719,2582,0,2.0036111111111112,290,427,False,False,False,False,False
946694789,58,2998,2717,2582,0,2.5044444444444443,281,416,False,False,False,False,False
946696593,58,3001,2712,2559,0,3.0055555555555555,289,442,False,False,False,False,False
946698396,59,2992,2716,2584,0,3.506388888888889,276,408,False,False,False,False,False
946700199,58,2990,2712,2573,0,4.0072222222222225,278,417,False,False,False,False,False
946702002,59,2990,2709,2576,0,4.508055555555556,281,414,False,False,False,False,False
946703806,58,2990,2710,2566,0,5.009166666666666,280,424,False,False,False,False,False
946705609,59,2998,2708,2575,0,5.51,290,423,False,False,False,False,False
946707412,58,2987,2710,2568,0,6.010833333333333,277,419,False,False,False,False,False
946709216,59,3008,2712,2569,0,6.5119444444444445,296,439,False,False,False,False,False
946711019,58,2990,2713,2569,0,7.012777777777778,277,421,False,False,False,False,False
946712822,59,2997,2712,2574,0,7.5136111111111115,285,423,False,False,False,False,False
946714625,58,2991,2711,2566,0,8.014444444444445,280,425,False,False,False,False,False
946716429,59,2999,2717,2568,0,8.515555555555556,282,431,False,False,False,False,False
946718232,58,2993,2710,2562,0,9.016388888888889,283,431,False,False,False,False,False
946720035,59,2996,2715,2581,0,9.517222222222221,281,415,False,False,False,False,False
946721839,58,2997,2712,2564,0,10.018333333333333,285,433,False,False,False,False,False
946723642,59,2994,2715,2565,0,10.519166666666667,279,429,False,False,False,False,False
946725445,58,2997,2713,2577,0,11.02,284,420,False,False,False,False,False
946727248,59,2999,2717,2576,0,11.520833333333334,282,423,False,False,False,False,False
946729052,58,3000,2715,2567,0,12.021944444444445,285,433,False,False,False,False,False
946730855,59,2997,2709,2573,0,12.522777777777778,288,424,False,False,False,False,False
946732658,58,2999,2715,2577,0,13.02361111111111,284,422,False,False,False,False,False
946734462,59,3004,2713,2565,0,13.524722222222222,291,439,False,False,False,False,False
946736265,58,2998,2716,2574,0,14.025555555555556,282,424,False,False,False,False,False
946738068,59,2992,2713,2565,0,14.526388888888889,279,427,False,False,False,False,False
946739872,58,3000,2713,2569,0,15.0275,287,431,False,False,False,False,False
946741675,59,3006,2715,2579,0,15.528333333333334,291,427,False,False,False,False,False
946743478,58,2997,2716,2562,0,16.029166666666665,281,435,False,False,False,False,False
946745281,59,2998,2715,2559,0,16.53,283,439,False,False,False,False,False
946747085,58,2998,2710,2572,0,17.031111111111112,288,426,False,False,False,False,False
946748888,59,2998,2715,2577,0,17.531944444444445,283,421,False,False,False,False,False
946750691,58,3001,2716,2569,0,18.032777777777778,285,432,False,False,False,False,False
946752495,59,2994,2713,2561,0,18.53388888888889,281,433,False,False,False,False,False
946754298,58,2996,2713,2560,0,19.03472222222222,283,436,False,False,False,False,False
946756101,59,2990,2715,2563,0,19.535555555555554,275,427,False,False,False,False,False
946757905,58,3006,2716,2572,0,20.036666666666665,290,434,False,False,False,False,False
946759708,59,2992,2712,2582,0,20.5375,280,410,False,False,False,False,False
946761511,58,3001,2710,2571,0,21.038333333333334,291,430,False,False,False,False,False
946763314,59,2990,2715,2582,0,21.539166666666667,275,408,False,False,False,False,False
946765118,58,2998,2711,2572,0,22.040277777777778,287,426,False,False,False,False,False
946766921,59,2994,2711,2570,0,22.54111111111111,283,424,False,False,False,False,False
946768724,58,2999,2710,2574,0,23.041944444444443,289,425,False,False,False,False,False
946770528,59,2996,2711,2574,0,23.543055555555554,285,422,False,False,False,False,False
946772331,58,2994,2710,2570,0,24.04388888888889,284,424,False,False,False,False,False
946774134,59,2985,2708,2567,0,24.544722222222223,277,418,False,False,False,False,False
946775938,58,2990,2706,2561,0,25.045833333333334,284,429,False,False,False,False,False
946777741,59,2998,2706,2569,0,25.546666666666667,292,429,False,False,False,False,False
946779544,58,2998,2709,2559,0,26.0475,289,439,False,False,False,False,False
946781347,59,2988,2709,2570,0,26.548333333333332,279,418,False,False,False,False,False
946783151,58,2987,2701,2559,0,27.049444444444443,286,428,False,False,False,False,False
946784954,59,2991,2704,2563,0,27.55027777777778,287,428,False,False,False,False,False
946786757,58,2991,2702,2559,0,28.051111111111112,289,432,False,False,False,False,False
946788561,59,2981,2703,2570,0,28.552222222222223,278,411,False,False,False,False,False
946790364,58,2999,2696,2554,0,29.053055555555556,303,445,False,False,False,False,False
946792167,59,2996,2702,2565,0,29.55388888888889,294,431,False,False,False,False,False
946793971,58,2990,2697,2547,0,30.055,293,443,False,False,False,False,False
946795774,59,2986,2697,2562,0,30.555833333333332,289,424,False,False,False,False,False
946797577,58,2985,2693,2548,0,31.05666666666667,292,437,False,False,False,False,False
946799380,59,2988,2698,2552,0,31.5575,290,436,False,False,False,False,False
946801184,58,2981,2690,2536,0,32.05861111111111,291,445,False,False,False,False,False
946802987,59,2975,2693,2548,0,32.559444444444445,282,427,False,False,False,False,False
946804790,58,2982,2689,2541,0,33.06027777777778,293,441,False,False,False,False,False
946806594,59,2976,2684,2544,0,33.56138888888889,292,432,False,False,False,False,False
946808397,58,2981,2683,2542,0,34.062222222222225,298,439,False,False,False,False,False
946810200,59,2978,2687,2532,0,34.56305555555556,291,446,False,False,False,False,False
946812004,58,2980,2680,2526,0,35.064166666666665,300,454,False,False,False,False,False
946813807,59,2977,2676,2530,0,35.565,301,447,False,False,False,False,False
946815610,58,2972,2681,2528,0,36.06583333333333,291,444,False,False,False,False,False
946817414,59,2968,2678,2532,0,36.566944444444445,290,436,False,False,False,False,False
946819217,58,2968,2676,2522,0,37.06777777777778,292,446,False,False,False,False,False
946821020,59,2970,2676,2532,0,37.56861111111111,294,438,False,False,False,False,False
946822823,58,2968,2672,2515,0,38.06944444444444,296,453,False,False,False,False,False
946824627,59,2959,2672,2535,0,38.57055555555556,287,424,False,False,False,False,False
946826430,58,2967,2666,2527,0,39.07138888888889,301,440,False,False,False,False,False
946828233,59,2963,2659,2519,0,39.57222222222222,304,444,False,False,False,False,False
946830037,58,2965,2663,2517,0,40.07333333333333,302,448,False,False,False,False,False
946831840,59,2955,2659,2521,0,40.57416666666666,296,434,False,False,False,False,False
946833643,58,2954,2654,2501,0,41.075,300,453,False,False,False,False,False
946835447,59,2947,2654,2493,0,41.57611111111111,293,454,False,False,False,False,False
946837250,58,2952,2646,2498,0,42.07694444444444,306,454,False,False,False,False,False
946839053,59,2949,2649,2503,0,42.577777777777776,300,446,False,False,False,False,False
946840856,58,2942,2643,2485,0,43.07861111111111,299,457,False,False,False,False,False
946842660,59,2942,2639,2491,0,43.57972222222222,303,451,False,False,False,False,False
946844463,58,2943,2629,2474,0,44.080555555555556,314,469,False,False,False,False,False
946846266,59,2925,2626,2480,0,44.58138888888889,299,445,False,False,False,False,False
946848070,58,2926,2619,2459,0,45.0825,307,467,False,False,False,False,False
946849873,59,2922,2611,2469,0,45.583333333333336,311,453,False,False,False,False,False
946851676,58,2915,2613,2456,0,46.08416666666667,302,459,False,False,False,False,False
946853480,59,2920,2605,2456,0,46.585277777777776,315,464,False,False,False,False,False
946855283,58,2909,2599,2442,0,47.08611111111111,310,467,False,False,False,False,False
946857086,59,2912,2594,2438,0,47.58694444444444,318,474,False,False,False,False,False
946858889,58,2905,2586,2428,0,48.08777777777778,319,477,False,False,False,False,False
946860693,59,2900,2581,2414,0,48.58888888888889,319,486,False,False,False,False,False
946862496,58,2897,2581,2409,0,49.08972222222222,316,488,False,False,False,False,False
946864299,59,2889,2578,2421,0,49.590555555555554,311,468,False,False,False,False,False
946866103,58,2885,2573,2400,0,50.09166666666667,312,485,False,False,False,False,False
946867906,59,2896,2568,2415,0,50.5925,328,481,False,False,False,False,False
946869709,58,2880,2560,2379,0,51.093333333333334,320,501,False,False,False,False,False
946871513,59,2879,2551,2396,0,51.59444444444444,328,483,False,False,False,False,False
946873316,58,2879,2547,2375,0,52.09527777777778,332,504,False,False,False,False,False
946875119,59,2868,2542,2370,0,52.596111111111114,326,498,False,False,False,False,False
946876923,58,2863,2542,2356,0,53.09722222222222,321,507,False,False,False,False,False
946878726,59,2870,2534,2372,0,53.598055555555554,336,498,False,False,False,False,False
946880529,58,2864,2531,2345,0,54.09888888888889,333,519,False,False,False,False,False
946882333,59,2855,2530,2351,0,54.6,325,504,False,False,False,False,False
946884136,58,2854,2522,2336,0,55.100833333333334,332,518,False,False,False,False,False
946885939,59,2853,2521,2363,0,55.60166666666667,332,490,False,False,False,False,False
946887742,58,2853,2517,2322,0,56.1025,336,531,False,False,False,False,False
946889546,59,2845,2510,2345,0,56.603611111111114,335,500,False,False,False,False,False
946891349,58,2840,2508,2294,0,57.10444444444445,332,546,False,False,False,False,False
946893152,59,2845,2502,2318,0,57.60527777777778,343,527,False,False,False,False,False
946894956,58,2836,2499,2294,0,58.10638888888889,337,542,False,False,False,False,False
946896759,59,2835,2491,2310,0,58.60722222222222,344,525,False,False,False,False,False
946898562,58,2827,2491,2280,0,59.10805555555555,336,547,False,False,False,False,False
946900366,59,2826,2483,2293,0,59.60916666666667,343,533,False,False,False,False,False
946902169,58,2825,2483,2256,0,60.11,342,569,False,False,False,False,False
946903972,59,2824,2480,2284,0,60.61083333333333,344,540,False,False,False,False,False
946905776,58,2820,2474,2224,0,61.11194444444445,346,596,False,False,False,False,False
946907579,59,2817,2469,2275,0,61.61277777777778,348,542,False,False,False,False,False
946909382,58,2810,2465,2206,0,62.11361111111111,345,604,False,False,False,False,False
946911185,59,2811,2464,2261,0,62.614444444444445,347,550,False,False,False,False,False
946912989,58,2809,2457,2200,0,63.11555555555555,352,609,False,False,False,False,False
946914792,59,2809,2449,2211,0,63.61638888888889,360,598,False,False,False,False,False
946916595,58,2804,2444,2159,0,64.11722222222222,360,645,False,False,False,False,False
946918399,59,2792,2443,2212,0,64.61833333333334,349,580,False,False,False,False,False
946920202,58,2802,2438,2156,0,65.11916666666667,364,646,False,False,False,False,False
946922005,59,2789,2425,2193,0,65.62,364,596,False,False,False,False,False
946923809,58,2792,2427,2068,0,66.1211111111111,365,724,False,False,False,False,False
946925612,59,2788,2420,2039,0,66.62194444444444,368,749,False,False,False,False,False
946927415,58,2785,2403,1996,0,67.12277777777778,382,789,False,False,False,False,False
946929218,59,2776,2396,2006,0,67.62361111111112,380,770,False,False,False,False,False
946931022,58,2771,2388,1859,0,68.12472222222222,383,912,False,False,False,False,False
946932825,59,2770,2384,1976,0,68.62555555555555,386,794,False,False,False,False,False
946934628,58,2771,2379,2106,0,69.12638888888888,392,665,False,False,False,False,False
946936432,59,2765,2362,1921,0,69.6275,403,844,False,False,False,False,False
946938235,58,2756,2354,1871,0,70.12833333333333,402,885,False,False,False,False,False
946940038,59,2744,2336,1993,0,70.62916666666666,408,751,False,False,False,False,False
946941842,58,2748,2336,1798,0,71.13027777777778,412,950,False,False,False,False,False
946943645,59,2736,2324,1927,0,71.63111111111111,412,809,False,False,False,False,False
946945448,59,2733,2311,1678,0,72.13194444444444,422,1055,False,False,False,False,False
946947251,59,2726,2292,1699,0,72.63277777777778,434,1027,False,False,False,False,False
946949055,58,2713,2252,1408,0,73.13388888888889,461,1305,False,False,False,False,False
946950858,59,2698,2234,1586,0,73.63472222222222,464,1112,False,False,False,False,False
946952662,58,2691,2205,1278,0,74.13583333333334,486,1413,False,False,False,False,False
946954465,54,2680,2147,1215,0,74.63666666666667,533,1465,False,False,False,False,False
946956269,58,2662,2107,1052,0,75.13777777777777,555,1610,False,False,False,False,False
946958073,58,2645,1894,927,0,75.63888888888889,751,1718,False,False,False,False,False
946959878,59,2606,1908,821,4,76.14027777777778,698,1785,False,False,True,False,False
946961682,59,2508,639,999,4,76.64138888888888,1869,1509,False,False,True,False,False
946963487,59,2407,626,998,6,77.14277777777778,1781,1409,False,True,True,False,False
946965290,59,2364,634,653,4,77.64361111111111,1730,1711,False,False,True,False,False
946967094,59,2336,622,657,6,78.14472222222223,1714,1679,False,True,True,False,False
946968899,59,2311,618,670,6,78.64611111111111,1693,1641,False,True,True,False,False
946970704,59,2293,633,654,6,79.1475,1660,1639,False,True,True,False,False
946972509,59,2286,613,1001,6,79.64888888888889,1673,1285,False,True,True,False,False
946974313,59,2255,623,1259,6,80.15,1632,996,False,True,True,False,False
