timestamp,temp,batt_mV,soundDroop_mV,boltDroop_mV,faults,batteryLevel,Time Elapsed (hours),soundDroopMag_mV,boltDroopMag_mV,meanLevel,nnLevel,fault_brownout,fault_bolt,fault_sound,fault_sound_brownout,fault_bolt_brownout
946687720,36,3117,3041,3015,0,51,0.0,76,102,3,3,False,False,False,False,False
946689524,38,2967,2897,2876,0,51,0.5011111111111111,70,91,3,3,False,False,False,False,False
946691327,39,2956,2870,2854,0,51,1.0019444444444445,86,102,3,3,False,False,False,False,False
946693130,39,2941,2869,2851,0,51,1.5027777777777778,72,90,3,3,False,False,False,False,False
946694934,39,2954,2868,2847,0,51,2.003888888888889,86,107,3,3,False,False,False,False,False
946696737,39,2942,2863,2848,0,51,2.504722222222222,79,94,3,3,False,False,False,False,False
946698540,39,2947,2869,2851,0,51,3.0055555555555555,78,96,3,3,False,False,False,False,False
946700344,39,2936,2863,2847,0,51,3.506666666666667,73,89,3,3,False,False,False,False,False
946702147,39,2949,2867,2848,0,51,4.0075,82,101,3,3,False,False,False,False,False
946703950,39,2949,2866,2848,0,51,4.508333333333334,83,101,3,3,False,False,False,False,False
946705754,39,2942,2860,2846,0,51,5.009444444444444,82,96,3,3,False,False,False,False,False
946707557,39,2943,2863,2849,0,51,5.510277777777778,80,94,3,3,False,False,False,False,False
946709360,39,2942,2865,2851,0,51,6.011111111111111,77,91,3,3,False,False,False,False,False
946711163,39,2944,2864,2851,0,51,6.5119444444444445,80,93,3,3,False,False,False,False,False
946712967,39,2948,2868,2850,0,51,7.013055555555556,80,98,3,3,False,False,False,False,False
946714770,39,2942,2861,2848,0,51,7.513888888888889,81,94,3,3,False,False,False,False,False
946716573,39,2942,2868,2851,0,51,8.014722222222222,74,91,3,3,False,False,False,False,False
946718377,39,2950,2866,2849,0,51,8.515833333333333,84,101,3,3,False,False,False,False,False
946720180,39,2946,2865,2851,0,51,9.016666666666667,81,95,3,3,False,False,False,False,False
946721983,39,2936,2870,2852,0,51,9.5175,66,84,3,3,False,False,False,False,False
946723787,39,2953,2860,2844,0,51,10.018611111111111,93,109,3,3,False,False,False,False,False
946725590,39,2950,2869,2847,0,51,10.519444444444444,81,103,3,3,False,False,False,False,False
946727393,39,2948,2869,2845,0,51,11.020277777777778,79,103,3,3,False,False,False,False,False
946729197,39,2947,2870,2850,0,51,11.52138888888889,77,97,3,3,False,False,False,False,False
946731000,39,2950,2871,2850,0,51,12.022222222222222,79,100,3,3,False,False,False,False,False
946732803,39,2948,2861,2852,0,51,12.523055555555555,87,96,3,3,False,False,False,False,False
946734607,39,2952,2869,2853,0,51,13.024166666666666,83,99,3,3,False,False,False,False,False
946736410,39,2954,2868,2853,0,51,13.525,86,101,3,3,False,False,False,False,False
946738213,39,2950,2869,2852,0,51,14.025833333333333,81,98,3,3,False,False,False,False,False
946740017,39,2961,2872,2856,0,51,14.526944444444444,89,105,3,3,False,False,False,False,False
946741820,39,2946,2868,2853,0,51,15.027777777777779,78,93,3,3,False,False,False,False,False
946743623,39,2944,2865,2854,0,51,15.528611111111111,79,90,3,3,False,False,False,False,False
946745427,39,2956,2870,2850,0,51,16.029722222222222,86,106,3,3,False,False,False,False,False
946747230,39,2956,2869,2852,0,51,16.530555555555555,87,104,3,3,False,False,False,False,False
946749033,39,2949,2874,2847,0,51,17.031388888888888,75,102,3,3,False,False,False,False,False
946750836,39,2947,2868,2852,0,51,17.532222222222224,79,95,3,3,False,False,False,False,False
946752640,39,2944,2869,2853,0,51,18.033333333333335,75,91,3,3,False,False,False,False,False
946754443,39,2949,2869,2851,0,51,18.534166666666668,80,98,3,3,False,False,False,False,False
946756246,39,2946,2870,2850,0,51,19.035,76,96,3,3,False,False,False,False,False
946758050,39,2940,2869,2849,0,51,19.53611111111111,71,91,3,3,False,False,False,False,False
946759853,39,2949,2867,2854,0,51,20.036944444444444,82,95,3,3,False,False,False,False,False
946761656,39,2938,2868,2848,0,51,20.537777777777777,70,90,3,3,False,False,False,False,False
946763460,39,2948,2871,2851,0,51,21.038888888888888,77,97,3,3,False,False,False,False,False
946765263,39,2943,2865,2848,0,51,21.539722222222224,78,95,3,3,False,False,False,False,False
946767066,39,2946,2860,2849,0,51,22.040555555555557,86,97,3,3,False,False,False,False,False
946768870,39,2949,2865,2849,0,51,22.541666666666668,84,100,3,3,False,False,False,False,False
946770673,39,2947,2869,2848,0,51,23.0425,78,99,3,3,False,False,False,False,False
946772476,39,2946,2866,2852,0,51,23.543333333333333,80,94,3,3,False,False,False,False,False
946774279,39,2949,2869,2848,0,51,24.044166666666666,80,101,3,3,False,False,False,False,False
946776083,39,2951,2865,2852,0,51,24.545277777777777,86,99,3,3,False,False,False,False,False
946777886,39,2937,2862,2844,0,51,25.04611111111111,75,93,3,3,False,False,False,False,False
946779689,39,2947,2862,2848,0,51,25.546944444444446,85,99,3,3,False,False,False,False,False
946781493,39,2942,2862,2848,0,51,26.048055555555557,80,94,3,3,False,False,False,False,False
946783296,39,2941,2864,2846,0,51,26.54888888888889,77,95,3,3,False,False,False,False,False
946785099,39,2938,2860,2844,0,51,27.049722222222222,78,94,3,3,False,False,False,False,False
946786903,39,2948,2861,2844,0,51,27.550833333333333,87,104,3,3,False,False,False,False,False
946788706,39,2937,2860,2840,0,51,28.051666666666666,77,97,3,3,False,False,False,False,False
946790509,39,2940,2857,2839,0,51,28.5525,83,101,3,3,False,False,False,False,False
946792313,39,2942,2856,2841,0,51,29.05361111111111,86,101,3,3,False,False,False,False,False
946794116,39,2936,2853,2842,0,51,29.554444444444446,83,94,3,3,False,False,False,False,False
946795919,39,2935,2856,2833,0,51,30.05527777777778,79,102,3,3,False,False,False,False,False
946797723,39,2925,2848,2834,0,51,30.55638888888889,77,91,3,3,False,False,False,False,False
946799526,39,2930,2850,2828,0,51,31.057222222222222,80,102,3,3,False,False,False,False,False
946801329,39,2937,2853,2832,0,51,31.558055555555555,84,105,3,3,False,False,False,False,False
946803133,39,2934,2846,2828,0,51,32.05916666666667,88,106,3,3,False,False,False,False,False
946804936,39,2926,2848,2826,0,51,32.56,78,100,3,3,False,False,False,False,False
946806739,39,2930,2851,2827,0,51,33.060833333333335,79,103,3,3,False,False,False,False,False
946808543,39,2923,2842,2827,0,51,33.56194444444444,81,96,3,3,False,False,False,False,False
946810346,39,2930,2835,2826,0,51,34.062777777777775,95,104,3,3,False,False,False,False,False
946812149,39,2930,2839,2822,0,51,34.56361111111111,91,108,3,3,False,False,False,False,False
946813953,39,2922,2835,2818,0,51,35.06472222222222,87,104,3,3,False,False,False,False,False
946815756,39,2922,2835,2812,0,51,35.565555555555555,87,110,3,3,False,False,False,False,False
946817559,39,2919,2828,2812,0,51,36.06638888888889,91,107,3,3,False,False,False,False,False
946819362,39,2903,2826,2808,0,51,36.56722222222222,77,95,3,3,False,False,False,False,False
946821166,39,2909,2822,2804,0,51,37.068333333333335,87,105,3,3,False,False,False,False,False
946822969,39,2907,2827,2805,0,51,37.56916666666667,80,102,3,3,False,False,False,False,False
946824772,39,2905,2818,2798,0,51,38.07,87,107,3,3,False,False,False,False,False
946826576,39,2903,2816,2796,0,51,38.57111111111111,87,107,3,3,False,False,False,False,False
946828379,39,2901,2814,2792,0,51,39.07194444444445,87,109,3,3,False,False,False,False,False
946830182,39,2895,2813,2789,0,51,39.57277777777778,82,106,3,3,False,False,False,False,False
946831986,39,2895,2805,2785,0,51,40.07388888888889,90,110,3,3,False,False,False,False,False
946833789,39,2893,2798,2779,0,51,40.57472222222222,95,114,3,3,False,False,False,False,False
946835592,39,2884,2792,2772,0,51,41.07555555555555,92,112,3,3,False,False,False,False,False
946837396,39,2879,2792,2769,0,51,41.57666666666667,87,110,3,3,False,False,False,False,False
946839199,39,2874,2783,2763,0,51,42.0775,91,111,3,3,False,False,False,False,False
946841002,39,2869,2775,2765,0,51,42.57833333333333,94,104,3,3,False,False,False,False,False
946842806,39,2864,2779,2752,0,51,43.07944444444445,85,112,3,3,False,False,False,False,False
946844609,39,2862,2768,2748,0,51,43.58027777777778,94,114,3,3,False,False,False,False,False
946846412,39,2858,2766,2740,0,51,44.08111111111111,92,118,3,3,False,False,False,False,False
946848216,39,2855,2765,2743,0,51,44.58222222222222,90,112,3,3,False,False,False,False,False
946850019,39,2837,2758,2736,0,51,45.08305555555555,79,101,3,3,False,False,False,False,False
946851822,39,2839,2749,2732,0,51,45.583888888888886,90,107,3,3,False,False,False,False,False
946853625,39,2831,2747,2724,0,51,46.084722222222226,84,107,3,3,False,False,False,False,False
946855429,39,2834,2740,2722,0,51,46.58583333333333,94,112,3,3,False,False,False,False,False
946857232,39,2834,2732,2712,0,51,47.086666666666666,102,122,3,3,False,False,False,False,False
946859035,39,2824,2732,2711,0,51,47.5875,92,113,3,3,False,False,False,False,False
946860839,39,2821,2719,2701,0,51,48.08861111111111,102,120,3,3,False,False,False,False,False
946862642,39,2819,2715,2700,0,51,48.589444444444446,104,119,3,3,False,False,False,False,False
946864445,39,2806,2710,2693,0,51,49.09027777777778,96,113,3,3,False,False,False,False,False
946866249,39,2803,2706,2686,0,51,49.591388888888886,97,117,3,3,False,False,False,False,False
946868052,39,2802,2694,2681,0,51,50.09222222222222,108,121,3,3,False,False,False,False,False
946869855,39,2806,2697,2677,0,51,50.59305555555556,109,129,3,3,False,False,False,False,False
946871658,39,2795,2692,2673,0,51,51.09388888888889,103,122,3,3,False,False,False,False,False
946873462,39,2788,2689,2669,0,51,51.595,99,119,3,3,False,False,False,False,False
946875265,39,2779,2678,2660,0,35,52.09583333333333,101,119,3,2,False,False,False,False,False
946877068,39,2785,2674,2652,0,51,52.596666666666664,111,133,3,3,False,False,False,False,False
946878872,39,2774,2674,2650,0,35,53.09777777777778,100,124,3,2,False,False,False,False,False
946880675,39,2761,2669,2646,0,34,53.59861111111111,92,115,2,2,False,False,False,False,False
946882478,39,2766,2661,2640,0,34,54.099444444444444,105,126,2,2,False,False,False,False,False
946884282,39,2773,2650,2636,0,35,54.60055555555556,123,137,3,2,False,False,False,False,False
946886085,39,2758,2650,2625,0,34,55.10138888888889,108,133,2,2,False,False,False,False,False
946887888,39,2752,2642,2620,0,34,55.602222222222224,110,132,2,2,False,False,False,False,False
946889692,39,2739,2640,2609,0,34,56.10333333333333,99,130,2,2,False,False,False,False,False
946891495,39,2732,2631,2600,0,34,56.604166666666664,101,132,2,2,False,False,False,False,False
946893298,39,2732,2620,2599,0,34,57.105,112,133,2,2,False,False,False,False,False
946895102,39,2719,2618,2589,0,34,57.60611111111111,101,130,2,2,False,False,False,False,False
946896905,39,2710,2610,2580,0,34,58.106944444444444,100,130,2,2,False,False,False,False,False
946898708,39,2702,2594,2578,0,34,58.60777777777778,108,124,2,2,False,False,False,False,False
946900511,39,2698,2588,2565,0,34,59.10861111111111,110,133,2,2,False,False,False,False,False
946902315,39,2696,2587,2555,0,34,59.609722222222224,109,141,2,2,False,False,False,False,False
946904118,39,2690,2577,2544,0,34,60.11055555555556,113,146,2,2,False,False,False,False,False
946905921,39,2679,2558,2538,0,34,60.61138888888889,121,141,2,2,False,False,False,False,False
946907725,39,2664,2550,2520,0,34,61.1125,114,144,2,2,False,False,False,False,False
946909528,39,2667,2543,2516,0,34,61.61333333333334,124,151,2,2,False,False,False,False,False
946911331,39,2650,2525,2492,0,18,62.11416666666667,125,158,2,1,False,False,False,False,False
946913135,39,2643,2515,2482,0,18,62.61527777777778,128,161,2,1,False,False,False,False,False
946914938,39,2629,2495,2459,0,18,63.11611111111111,134,170,2,1,False,False,False,False,False
946916741,39,2606,2478,2447,0,17,63.61694444444444,128,159,1,1,False,False,False,False,False
946918545,39,2590,2457,2415,0,17,64.11805555555556,133,175,1,1,False,False,False,False,False

