timestamp,temp,batt_mV,soundDroop_mV,boltDroop_mV,faults,Time Elapsed (hours),soundDroopMag_mV,boltDroopMag_mV,fault_brownout,fault_bolt,fault_sound,fault_sound_brownout,fault_bolt_brownout
946685918,-17,3197,2762,1207,0,0.0,435,1990,False,False,False,False,False
946687723,-18,2864,2565,1164,0,0.5013888888888889,299,1700,False,False,False,False,False
946689528,-18,2809,2500,1125,0,1.0027777777777778,309,1684,False,False,False,False,False
946691332,-18,2802,2479,1127,0,1.5038888888888888,323,1675,False,False,False,False,False
946693137,-18,2792,2478,1111,0,2.0052777777777777,314,1681,False,False,False,False,False
946694942,-18,2794,2478,1117,0,2.506666666666667,316,1677,False,False,False,False,False
946696746,-18,2788,2474,1104,0,3.0077777777777777,314,1684,False,False,False,False,False
946698551,-18,2782,2465,1110,0,3.5091666666666668,317,1672,False,False,False,False,False
946700356,-18,2784,2461,1104,0,4.010555555555555,323,1680,False,False,False,False,False
946702161,-18,2788,2445,1101,0,4.5119444444444445,343,1687,False,False,False,False,False
946703965,-18,2781,2442,1092,0,5.013055555555556,339,1689,False,False,False,False,False
946705770,-18,2780,2436,1094,0,5.514444444444444,344,1686,False,False,False,False,False
946707575,-18,2774,2433,1091,0,6.015833333333333,341,1683,False,False,False,False,False
946709379,-18,2782,2425,1091,0,6.516944444444444,357,1691,False,False,False,False,False
946711184,-18,2781,2429,1090,0,7.0183333333333335,352,1691,False,False,False,False,False
946712989,-18,2774,2427,1082,0,7.519722222222223,347,1692,False,False,False,False,False
946714793,-18,2776,2423,1085,0,8.020833333333334,353,1691,False,False,False,False,False
946716598,-18,2766,2420,1088,0,8.522222222222222,346,1678,False,False,False,False,False
946718403,-18,2764,2422,1081,0,9.02361111111111,342,1683,False,False,False,False,False
946720207,-18,2768,2420,1085,0,9.524722222222222,348,1683,False,False,False,False,False
946722012,-18,2769,2418,1084,0,10.026111111111112,351,1685,False,False,False,False,False
946723817,-18,2767,2416,1086,0,10.5275,351,1681,False,False,False,False,False
946725622,-18,2767,2416,1086,0,11.028888888888888,351,1681,False,False,False,False,False
946727426,-18,2758,2416,1085,0,11.53,342,1673,False,False,False,False,False
946729231,-18,2768,2420,1081,0,12.03138888888889,348,1687,False,False,False,False,False
946731036,-18,2762,2417,1081,0,12.532777777777778,345,1681,False,False,False,False,False
946732840,-18,2769,2414,1081,0,13.033888888888889,355,1688,False,False,False,False,False
946734645,-18,2762,2418,1082,0,13.535277777777777,344,1680,False,False,False,False,False
946736450,-18,2761,2414,1081,0,14.036666666666667,347,1680,False,False,False,False,False
946738254,-18,2764,2414,1081,0,14.537777777777778,350,1683,False,False,False,False,False
946740059,-18,2763,2422,1077,0,15.039166666666667,341,1686,False,False,False,False,False
946741864,-18,2756,2409,1079,0,15.540555555555555,347,1677,False,False,False,False,False
946743669,-18,2764,2412,1079,0,16.041944444444443,352,1685,False,False,False,False,False
946745473,-18,2762,2409,1081,0,16.543055555555554,353,1681,False,False,False,False,False
946747278,-18,2756,2412,1077,0,17.044444444444444,344,1679,False,False,False,False,False
946749083,-18,2763,2411,1078,0,17.545833333333334,352,1685,False,False,False,False,False
946750887,-18,2759,2409,1074,0,18.046944444444446,350,1685,False,False,False,False,False
946752692,-18,2763,2409,1077,0,18.548333333333332,354,1686,False,False,False,False,False
946754497,-18,2749,2406,1073,0,19.049722222222222,343,1676,False,False,False,False,False
946756301,-18,2759,2405,1076,0,19.550833333333333,354,1683,False,False,False,False,False
946758106,-18,2760,2405,1073,0,20.052222222222223,355,1687,False,False,False,False,False
946759911,-18,2750,2405,1071,0,20.55361111111111,345,1679,False,False,False,False,False
946761716,-18,2751,2407,1070,0,21.055,344,1681,False,False,False,False,False
946763520,-18,2747,2397,1069,0,21.55611111111111,350,1678,False,False,False,False,False
946765325,-18,2744,2399,1068,0,22.0575,345,1676,False,False,False,False,False
946767130,-18,2747,2396,1068,0,22.558888888888887,351,1679,False,False,False,False,False
946768934,-18,2744,2396,1066,0,23.06,348,1678,False,False,False,False,False
946770739,-18,2748,2392,1066,0,23.56138888888889,356,1682,False,False,False,False,False
946772544,-18,2742,2388,1065,0,24.06277777777778,354,1677,False,False,False,False,False
946774348,-18,2745,2388,1064,0,24.56388888888889,357,1681,False,False,False,False,False
946776153,-18,2742,2384,1061,0,25.065277777777776,358,1681,False,False,False,False,False
946777958,-18,2741,2388,1057,0,25.566666666666666,353,1684,False,False,False,False,False
946779762,-18,2739,2379,1060,0,26.067777777777778,360,1679,False,False,False,False,False
946781567,-18,2739,2379,1056,0,26.569166666666668,360,1683,False,False,False,False,False
946783372,-18,2733,2371,1056,0,27.070555555555554,362,1677,False,False,False,False,False
946785177,-18,2725,2370,1055,0,27.571944444444444,355,1670,False,False,False,False,False
946786981,-18,2725,2371,1051,0,28.073055555555555,354,1674,False,False,False,False,False
946788786,-18,2729,2364,1048,0,28.574444444444445,365,1681,False,False,False,False,False
946790591,-18,2723,2358,1049,0,29.075833333333332,365,1674,False,False,False,False,False
946792395,-18,2718,2356,1047,0,29.576944444444443,362,1671,False,False,False,False,False
946794200,-18,2715,2356,1045,0,30.078333333333333,359,1670,False,False,False,False,False
946796005,-18,2715,2349,1044,0,30.579722222222223,366,1671,False,False,False,False,False
946797809,-18,2704,2347,1041,0,31.080833333333334,357,1663,False,False,False,False,False
946799614,-18,2713,2341,1037,0,31.58222222222222,372,1676,False,False,False,False,False
946801419,-18,2698,2338,1039,0,32.08361111111111,360,1659,False,False,False,False,False
946803223,-18,2705,2334,1035,0,32.584722222222226,371,1670,False,False,False,False,False
946805028,-18,2698,2331,1035,0,33.08611111111111,367,1663,False,False,False,False,False
946806833,-18,2691,2326,1031,0,33.5875,365,1660,False,False,False,False,False
946808638,-18,2690,2313,1027,0,34.08888888888889,377,1663,False,False,False,False,False
946810442,-18,2671,2312,1027,0,34.59,359,1644,False,False,False,False,False
946812247,-18,2677,2303,1024,0,35.091388888888886,374,1653,False,False,False,False,False
946814052,-18,2673,2298,1018,0,35.592777777777776,375,1655,False,False,False,False,False
946815856,-18,2663,2289,1018,0,36.09388888888889,374,1645,False,False,False,False,False
946817661,-18,2653,2283,1011,0,36.59527777777778,370,1642,False,False,False,False,False
946819466,-18,2655,2276,1011,0,37.096666666666664,379,1644,False,False,False,False,False
946821270,-18,2643,2266,1002,0,37.59777777777778,377,1641,False,False,False,False,False
946823075,-18,2635,2257,1003,0,38.09916666666667,378,1632,False,False,False,False,False
946824880,-18,2626,2241,995,0,38.60055555555556,385,1631,False,False,False,False,False
946826684,-18,2613,2232,992,0,39.10166666666667,381,1621,False,False,False,False,False
946828489,-18,2610,2220,984,0,39.60305555555556,390,1626,False,False,False,False,False
946830294,-18,2604,2210,971,0,40.10444444444445,394,1633,False,False,False,False,False
946832098,-18,2586,2182,968,0,40.605555555555554,404,1618,False,False,False,False,False
946833903,-18,2566,2162,952,0,41.106944444444444,404,1614,False,False,False,False,False
946835708,-18,2553,2139,943,2,41.608333333333334,414,1610,False,True,False,False,False
946837513,-18,2530,2117,936,0,42.109722222222224,413,1594,False,False,False,False,False
946839317,-18,2517,2088,916,2,42.61083333333333,429,1601,False,True,False,False,False
946841122,-18,2498,2053,920,0,43.11222222222222,445,1578,False,False,False,False,False
946842927,-18,2461,2010,932,2,43.61361111111111,451,1529,False,True,False,False,False
946844731,-18,2413,1950,894,0,44.11472222222222,463,1519,False,False,False,False,False
946846536,-18,2313,1849,1073,2,44.61611111111111,464,1240,False,True,False,False,False
946848341,-18,2154,1633,1050,0,45.1175,521,1104,False,False,False,False,False
946850144,-18,2117,848,835,6,45.61833333333333,1269,1282,False,True,True,False,False
