timestamp,temp,batt_mV,soundDroop_mV,boltDroop_mV,faults,batteryLevel,Time Elapsed (hours),soundDroopMag_mV,boltDroopMag_mV,meanLevel,nnLevel,fault_brownout,fault_bolt,fault_sound,fault_sound_brownout,fault_bolt_brownout
946685823,25,3240,3075,3006,0,51,0.0,165,234,3,3,False,False,False,False,False
946687627,20,2955,2706,2632,0,51,0.5011111111111111,249,323,3,3,False,False,False,False,False
946689431,19,2911,2701,2613,0,51,1.0022222222222221,210,298,3,3,False,False,False,False,False
946691234,19,2892,2700,2636,0,51,1.5030555555555556,192,256,3,3,False,False,False,False,False
946693038,19,2893,2715,2636,0,51,2.004166666666667,178,257,3,3,False,False,False,False,False
946694841,19,2888,2715,2660,0,51,2.505,173,228,3,3,False,False,False,False,False
946696645,19,2896,2722,2648,0,51,3.006111111111111,174,248,3,3,False,False,False,False,False
946698448,19,2896,2720,2662,0,51,3.5069444444444446,176,234,3,3,False,False,False,False,False
946700252,19,2882,2723,2646,0,51,4.008055555555556,159,236,3,3,False,False,False,False,False
946702055,19,2883,2717,2662,0,51,4.5088888888888885,166,221,3,3,False,False,False,False,False
946703859,19,2888,2720,2650,0,51,5.01,168,238,3,3,False,False,False,False,False
946705662,19,2881,2715,2658,0,51,5.510833333333333,166,223,3,3,False,False,False,False,False
946707466,19,2883,2719,2649,0,51,6.0119444444444445,164,234,3,3,False,False,False,False,False
946709269,19,2877,2719,2662,0,51,6.512777777777778,158,215,3,3,False,False,False,False,False
946711073,19,2888,2719,2648,0,51,7.013888888888889,169,240,3,3,False,False,False,False,False
946712876,19,2878,2710,2659,0,51,7.514722222222222,168,219,3,3,False,False,False,False,False
946714680,19,2881,2710,2648,0,51,8.015833333333333,171,233,3,3,False,False,False,False,False
946716483,19,2889,2706,2659,0,51,8.516666666666667,183,230,3,3,False,False,False,False,False
946718287,19,2884,2712,2648,0,51,9.017777777777777,172,236,3,3,False,False,False,False,False
946720090,19,2886,2702,2661,0,51,9.518611111111111,184,225,3,3,False,False,False,False,False
946721894,19,2884,2713,2649,0,51,10.019722222222223,171,235,3,3,False,False,False,False,False
946723697,19,2874,2706,2659,0,51,10.520555555555555,168,215,3,3,False,False,False,False,False
946725501,19,2882,2712,2650,0,51,11.021666666666667,170,232,3,3,False,False,False,False,False
946727304,19,2882,2711,2661,0,51,11.5225,171,221,3,3,False,False,False,False,False
946729108,19,2885,2715,2648,0,51,12.02361111111111,170,237,3,3,False,False,False,False,False
946730911,19,2884,2706,2664,0,51,12.524444444444445,178,220,3,3,False,False,False,False,False
946732715,19,2896,2712,2650,0,51,13.025555555555556,184,246,3,3,False,False,False,False,False
946734518,19,2888,2712,2665,0,51,13.526388888888889,176,223,3,3,False,False,False,False,False
946736322,19,2882,2707,2649,0,51,14.0275,175,233,3,3,False,False,False,False,False
946738125,19,2882,2713,2670,0,51,14.528333333333334,169,212,3,3,False,False,False,False,False
946739928,19,2888,2719,2655,0,51,15.029166666666667,169,233,3,3,False,False,False,False,False
946741732,19,2883,2715,2666,0,51,15.530277777777778,168,217,3,3,False,False,False,False,False
946743535,19,2886,2715,2651,0,51,16.031111111111112,171,235,3,3,False,False,False,False,False
946745339,19,2883,2716,2671,0,51,16.532222222222224,167,212,3,3,False,False,False,False,False
946747142,19,2890,2712,2653,0,51,17.033055555555556,178,237,3,3,False,False,False,False,False
946748946,19,2888,2711,2667,0,51,17.534166666666668,177,221,3,3,False,False,False,False,False
946750749,19,2885,2715,2653,0,51,18.035,170,232,3,3,False,False,False,False,False
946752553,19,2880,2717,2670,0,51,18.53611111111111,163,210,3,3,False,False,False,False,False
946754356,19,2894,2717,2652,0,51,19.036944444444444,177,242,3,3,False,False,False,False,False
946756160,19,2888,2715,2670,0,51,19.538055555555555,173,218,3,3,False,False,False,False,False
946757963,19,2880,2716,2651,0,51,20.038888888888888,164,229,3,3,False,False,False,False,False
946759767,19,2883,2712,2664,0,51,20.54,171,219,3,3,False,False,False,False,False
946761570,19,2884,2706,2649,0,51,21.04083333333333,178,235,3,3,False,False,False,False,False
946763374,19,2882,2711,2666,0,51,21.541944444444443,171,216,3,3,False,False,False,False,False
946765177,19,2874,2715,2653,0,51,22.04277777777778,159,221,3,3,False,False,False,False,False
946766980,19,2876,2706,2669,0,51,22.54361111111111,170,207,3,3,False,False,False,False,False
946768784,19,2879,2713,2646,0,51,23.044722222222223,166,233,3,3,False,False,False,False,False
946770587,19,2874,2707,2662,0,51,23.545555555555556,167,212,3,3,False,False,False,False,False
946772391,19,2879,2707,2645,0,51,24.046666666666667,172,234,3,3,False,False,False,False,False
946774194,19,2879,2705,2667,0,51,24.5475,174,212,3,3,False,False,False,False,False
946775998,19,2878,2707,2645,0,51,25.04861111111111,171,233,3,3,False,False,False,False,False
946777801,19,2875,2702,2658,0,51,25.549444444444443,173,217,3,3,False,False,False,False,False
946779605,19,2875,2697,2641,0,51,26.050555555555555,178,234,3,3,False,False,False,False,False
946781408,19,2870,2700,2653,0,51,26.551388888888887,170,217,3,3,False,False,False,False,False
946783212,19,2870,2695,2637,0,51,27.0525,175,233,3,3,False,False,False,False,False
946785015,19,2866,2687,2651,0,51,27.553333333333335,179,215,3,3,False,False,False,False,False
946786818,19,2868,2695,2636,0,51,28.054166666666667,173,232,3,3,False,False,False,False,False
946788622,19,2858,2691,2646,0,51,28.55527777777778,167,212,3,3,False,False,False,False,False
946790425,19,2862,2690,2630,0,51,29.05611111111111,172,232,3,3,False,False,False,False,False
946792229,19,2861,2684,2644,0,51,29.557222222222222,177,217,3,3,False,False,False,False,False
946794032,19,2864,2689,2625,0,51,30.058055555555555,175,239,3,3,False,False,False,False,False
946795836,19,2860,2684,2641,0,51,30.559166666666666,176,219,3,3,False,False,False,False,False
946797639,19,2866,2689,2628,0,51,31.06,177,238,3,3,False,False,False,False,False
946799443,19,2852,2684,2641,0,51,31.56111111111111,168,211,3,3,False,False,False,False,False
946801246,19,2860,2683,2623,0,51,32.06194444444444,177,237,3,3,False,False,False,False,False
946803050,19,2856,2680,2633,0,51,32.56305555555556,176,223,3,3,False,False,False,False,False
946804853,19,2855,2678,2615,0,51,33.06388888888889,177,240,3,3,False,False,False,False,False
946806657,19,2854,2672,2632,0,51,33.565,182,222,3,3,False,False,False,False,False
946808460,19,2850,2672,2609,0,51,34.06583333333333,178,241,3,3,False,False,False,False,False
946810263,19,2846,2672,2623,0,51,34.56666666666667,174,223,3,3,False,False,False,False,False
946812067,19,2846,2673,2604,0,51,35.06777777777778,173,242,3,3,False,False,False,False,False
946813870,19,2857,2672,2622,0,51,35.56861111111111,185,235,3,3,False,False,False,False,False
946815674,19,2843,2663,2604,0,51,36.069722222222225,180,239,3,3,False,False,False,False,False
946817477,19,2853,2665,2619,0,51,36.57055555555556,188,234,3,3,False,False,False,False,False
946819281,19,2845,2663,2602,0,51,37.071666666666665,182,243,3,3,False,False,False,False,False
946821084,19,2846,2662,2615,0,51,37.5725,184,231,3,3,False,False,False,False,False
946822888,19,2841,2661,2599,0,51,38.07361111111111,180,242,3,3,False,False,False,False,False
946824691,19,2841,2652,2609,0,51,38.574444444444445,189,232,3,3,False,False,False,False,False
946826494,19,2840,2650,2592,0,51,39.07527777777778,190,248,3,3,False,False,False,False,False
946828298,19,2839,2657,2604,0,51,39.576388888888886,182,235,3,3,False,False,False,False,False
946830101,19,2840,2654,2588,0,51,40.077222222222225,186,252,3,3,False,False,False,False,False
946831905,19,2836,2646,2598,0,51,40.57833333333333,190,238,3,3,False,False,False,False,False
946833708,19,2841,2644,2577,0,51,41.079166666666666,197,264,3,3,False,False,False,False,False
946835512,19,2832,2635,2597,0,51,41.58027777777778,197,235,3,3,False,False,False,False,False
946837315,19,2825,2643,2569,0,51,42.08111111111111,182,256,3,3,False,False,False,False,False
946839119,19,2825,2637,2587,0,51,42.58222222222222,188,238,3,3,False,False,False,False,False
946840922,19,2823,2636,2569,0,51,43.08305555555555,187,254,3,3,False,False,False,False,False
946842726,19,2823,2631,2586,0,51,43.58416666666667,192,237,3,3,False,False,False,False,False
946844529,19,2818,2631,2559,0,51,44.085,187,259,3,3,False,False,False,False,False
946846333,19,2813,2624,2571,0,51,44.58611111111111,189,242,3,3,False,False,False,False,False
946848136,19,2808,2619,2555,0,51,45.08694444444444,189,253,3,3,False,False,False,False,False
946849940,19,2810,2616,2561,0,51,45.588055555555556,194,249,3,3,False,False,False,False,False
946851743,19,2810,2614,2540,0,51,46.08888888888889,196,270,3,3,False,False,False,False,False
946853546,19,2802,2605,2556,0,51,46.58972222222222,197,246,3,3,False,False,False,False,False
946855350,19,2804,2605,2534,0,51,47.090833333333336,199,270,3,3,False,False,False,False,False
946857153,19,2793,2599,2553,0,51,47.59166666666667,194,240,3,3,False,False,False,False,False
946858957,19,2797,2594,2522,0,51,48.092777777777776,203,275,3,3,False,False,False,False,False
946860760,19,2787,2590,2534,0,51,48.59361111111111,197,253,3,3,False,False,False,False,False
946862563,19,2782,2586,2517,0,51,49.09444444444444,196,265,3,3,False,False,False,False,False
946864367,19,2780,2583,2527,0,51,49.595555555555556,197,253,3,3,False,False,False,False,False
946866170,19,2784,2579,2505,0,51,50.09638888888889,205,279,3,3,False,False,False,False,False
946867974,19,2768,2573,2518,0,51,50.5975,195,250,3,3,False,False,False,False,False
946869777,19,2766,2570,2484,0,51,51.098333333333336,196,282,3,3,False,False,False,False,False
946871581,19,2763,2559,2498,0,51,51.599444444444444,204,265,3,3,False,False,False,False,False
946873384,19,2760,2550,2471,0,35,52.10027777777778,210,289,3,2,False,False,False,False,False
946875188,19,2767,2543,2488,0,51,52.60138888888889,224,279,3,3,False,False,False,False,False
946876991,19,2750,2534,2462,0,35,53.102222222222224,216,288,3,2,False,False,False,False,False
946878795,19,2738,2539,2468,0,35,53.60333333333333,199,270,3,2,False,False,False,False,False
946880598,19,2734,2529,2441,0,35,54.104166666666664,205,293,3,2,False,False,False,False,False
946882402,19,2738,2519,2458,0,35,54.60527777777778,219,280,3,2,False,False,False,False,False
946884205,19,2721,2517,2426,0,34,55.10611111111111,204,295,2,2,False,False,False,False,False
946886008,19,2725,2508,2442,0,34,55.606944444444444,217,283,2,2,False,False,False,False,False
946887812,19,2716,2500,2412,0,34,56.10805555555555,216,304,2,2,False,False,False,False,False
946889615,19,2707,2491,2427,0,34,56.60888888888889,216,280,2,2,False,False,False,False,False
946891419,19,2693,2484,2393,0,34,57.11,209,300,2,2,False,False,False,False,False
946893222,19,2689,2474,2397,0,34,57.61083333333333,215,292,2,2,False,False,False,False,False
946895026,19,2680,2465,2369,0,34,58.11194444444445,215,311,2,2,False,False,False,False,False
946896829,19,2681,2454,2379,0,34,58.61277777777778,227,302,2,2,False,False,False,False,False
946898633,19,2666,2444,2342,0,34,59.11388888888889,222,324,2,2,False,False,False,False,False
946900436,19,2664,2436,2350,0,34,59.61472222222222,228,314,2,2,False,False,False,False,False
946902239,19,2654,2421,2317,0,34,60.11555555555555,233,337,2,2,False,False,False,False,False
946904043,19,2646,2415,2322,0,34,60.61666666666667,231,324,2,2,False,False,False,False,False
946905846,19,2633,2406,2283,0,34,61.1175,227,350,2,2,False,False,False,False,False
946907650,19,2621,2388,2293,0,34,61.618611111111115,233,328,2,2,False,False,False,False,False
946909453,19,2619,2377,2247,0,34,62.11944444444445,242,372,2,2,False,False,False,False,False
946911257,19,2613,2363,2252,0,34,62.620555555555555,250,361,2,2,False,False,False,False,False
946913060,19,2594,2353,2209,0,18,63.12138888888889,241,385,2,1,False,False,False,False,False
946914864,19,2581,2336,2202,0,17,63.6225,245,379,1,1,False,False,False,False,False
946916667,19,2568,2319,2155,0,17,64.12333333333333,249,413,1,1,False,False,False,False,False
946918471,19,2561,2296,2144,0,17,64.62444444444445,265,417,1,1,False,False,False,False,False
946920274,19,2538,2281,2085,0,17,65.12527777777778,257,453,1,1,False,False,False,False,False
946922077,19,2523,2253,2056,0,17,65.62611111111111,270,467,1,1,False,False,False,False,False
946923881,19,2508,2235,1979,0,17,66.12722222222222,273,529,1,1,False,False,False,False,False
946925684,19,2499,2201,1937,0,17,66.62805555555556,298,562,1,1,False,False,False,False,False
946927488,19,2474,2177,1822,0,17,67.12916666666666,297,652,1,1,False,False,False,False,False
946929291,19,2452,2142,1715,0,17,67.63,310,737,1,1,False,False,False,False,False
946931095,19,2426,2095,1540,0,17,68.13111111111111,331,886,1,1,False,False,False,False,False
946932898,19,2384,2036,1404,0,17,68.63194444444444,348,980,1,1,False,False,False,False,False
946934702,19,2322,1959,1126,0,17,69.13305555555556,363,1196,1,1,False,False,False,False,False
946936505,19,2209,1795,822,0,17,69.63388888888889,414,1387,1,1,False,False,False,False,False
946938309,19,1878,1298,707,0,17,70.135,580,1171,1,1,False,False,False,False,False
946940113,19,1827,1182,701,0,17,70.6361111111111,645,1126,1,1,False,False,False,False,False
946941918,19,1776,1058,696,0,17,71.1375,718,1080,1,1,False,False,False,False,False


