timestamp,temp,batt_mV,soundDroop_mV,boltDroop_mV,faults,batteryLevel,Time Elapsed (hours),soundDroopMag_mV,boltDroopMag_mV,meanLevel,nnLevel,fault_brownout,fault_bolt,fault_sound,fault_sound_brownout,fault_bolt_brownout
946689739,-16,3164,2669,2205,2,51,0.0,495,959,3,3,False,True,False,False,False
946691543,-18,2888,2436,1945,2,51,0.5011111111111111,452,943,3,3,False,True,False,False,False
946693347,-18,2840,2388,1992,0,51,1.0022222222222221,452,848,3,3,False,False,False,False,False
946695150,-18,2826,2384,1962,0,51,1.5030555555555556,442,864,3,3,False,False,False,False,False
946696955,-18,2823,2387,1920,0,51,2.0044444444444443,436,903,3,3,False,False,False,False,False
946698758,-18,2809,2388,1929,0,51,2.5052777777777777,421,880,3,3,False,False,False,False,False
946700562,-18,2810,2398,1921,0,51,3.006388888888889,412,889,3,3,False,False,False,False,False
946702366,-18,2807,2400,1909,0,51,3.5075,407,898,3,3,False,False,False,False,False
946704170,-18,2802,2394,1903,0,51,4.008611111111111,408,899,3,3,False,False,False,False,False
946705974,-18,2799,2392,1890,0,51,4.509722222222222,407,909,3,3,False,False,False,False,False
946707778,-18,2795,2399,1889,0,51,5.010833333333333,396,906,3,3,False,False,False,False,False
946709582,-18,2796,2397,1869,0,51,5.5119444444444445,399,927,3,3,False,False,False,False,False
946711386,-18,2788,2401,1894,0,51,6.013055555555556,387,894,3,3,False,False,False,False,False
946713190,-18,2793,2394,1827,0,51,6.514166666666667,399,966,3,3,False,False,False,False,False
946714994,-18,2793,2401,1886,0,51,7.0152777777777775,392,907,3,3,False,False,False,False,False
946716798,-18,2780,2397,1820,0,51,7.516388888888889,383,960,3,3,False,False,False,False,False
946718602,-18,2777,2397,1865,0,51,8.0175,380,912,3,3,False,False,False,False,False
946720406,-18,2774,2390,1760,0,51,8.518611111111111,384,1014,3,3,False,False,False,False,False
946722210,-18,2768,2378,1843,0,51,9.019722222222223,390,925,3,3,False,False,False,False,False
946724014,-18,2774,2374,1711,0,51,9.520833333333334,400,1063,3,3,False,False,False,False,False
946725819,-18,2771,2363,1789,0,51,10.022222222222222,408,982,3,3,False,False,False,False,False
946727622,-18,2766,2350,1710,0,51,10.523055555555555,416,1056,3,3,False,False,False,False,False
946729427,-18,2762,2336,1755,0,51,11.024444444444445,426,1007,3,3,False,False,False,False,False
946731231,-18,2763,2332,1680,0,51,11.525555555555556,431,1083,3,3,False,False,False,False,False
946733035,-18,2767,2319,1746,0,51,12.026666666666667,448,1021,3,3,False,False,False,False,False
946734839,-18,2762,2311,1628,0,51,12.527777777777779,451,1134,3,3,False,False,False,False,False
946736643,-18,2761,2308,1672,0,51,13.028888888888888,453,1089,3,3,False,False,False,False,False
946738447,-18,2760,2302,1557,0,51,13.53,458,1203,3,3,False,False,False,False,False
946740251,-18,2750,2296,1636,0,51,14.03111111111111,454,1114,3,3,False,False,False,False,False
946742055,-18,2751,2295,1523,0,51,14.532222222222222,456,1228,3,3,False,False,False,False,False
946743859,-18,2740,2289,1587,0,51,15.033333333333333,451,1153,3,3,False,False,False,False,False
946745663,-18,2742,2281,1434,0,51,15.534444444444444,461,1308,3,3,False,False,False,False,False
946747467,-18,2739,2278,1566,0,51,16.035555555555554,461,1173,3,3,False,False,False,False,False
946749271,-18,2736,2277,1343,0,51,16.536666666666665,459,1393,3,3,False,False,False,False,False
946751075,-18,2737,2273,1513,0,51,17.037777777777777,464,1224,3,3,False,False,False,False,False
946752879,-18,2727,2268,1265,0,51,17.538888888888888,459,1462,3,3,False,False,False,False,False
946754683,-18,2726,2268,1474,0,51,18.04,458,1252,3,3,False,False,False,False,False
946756487,-18,2730,2266,1175,0,51,18.54111111111111,464,1555,3,3,False,False,False,False,False
946758292,-18,2725,2259,1410,0,51,19.0425,466,1315,3,3,False,False,False,False,False
946760095,-18,2731,2256,1170,0,51,19.543333333333333,475,1561,3,3,False,False,False,False,False
946761900,-18,2710,2250,1443,0,51,20.044722222222223,460,1267,3,3,False,False,False,False,False
946763704,-18,2717,2247,1124,0,51,20.545833333333334,470,1593,3,3,False,False,False,False,False
946765508,-18,2706,2240,1152,0,51,21.046944444444446,466,1554,3,3,False,False,False,False,False
946767312,-18,2716,2229,1057,0,51,21.548055555555557,487,1659,3,3,False,False,False,False,False
946769116,-18,2698,2229,1248,0,51,22.049166666666668,469,1450,3,3,False,False,False,False,False
946770920,-18,2694,2220,1055,0,51,22.55027777777778,474,1639,3,3,False,False,False,False,False
946772725,-18,2690,2227,1170,0,51,23.051666666666666,463,1520,3,3,False,False,False,False,False
946774528,-18,2696,2217,1019,0,51,23.5525,479,1677,3,3,False,False,False,False,False
946776333,-18,2680,2206,1159,0,51,24.05388888888889,474,1521,3,3,False,False,False,False,False
946778137,-18,2684,2201,984,0,51,24.555,483,1700,3,3,False,False,False,False,False
946779942,-18,2665,2191,1157,0,51,25.05638888888889,474,1508,3,3,False,False,False,False,False
946781746,-18,2668,2188,918,0,51,25.5575,480,1750,3,3,False,False,False,False,False
946783550,-18,2658,2185,1041,0,50,26.058611111111112,473,1617,2,3,False,False,False,False,False
946785355,-18,2659,2175,887,0,50,26.56,484,1772,2,3,False,False,False,False,False
946787159,-18,2646,2168,951,0,34,27.06111111111111,478,1695,2,2,False,False,False,False,False
946788964,-18,2634,2152,907,0,34,27.5625,482,1727,2,2,False,False,False,False,False
946790768,-18,2629,2138,931,0,34,28.06361111111111,491,1698,2,2,False,False,False,False,False
946792573,-18,2619,2132,898,0,34,28.565,487,1721,2,2,False,False,False,False,False
946794378,-18,2601,2113,897,0,34,29.066388888888888,488,1704,2,2,False,False,False,False,False
946796182,-18,2599,2102,898,0,34,29.5675,497,1701,2,2,False,False,False,False,False
946797987,-18,2579,2082,910,0,18,30.06888888888889,497,1669,2,1,False,False,False,False,False
946799792,-18,2562,2064,883,0,17,30.57027777777778,498,1679,1,1,False,False,False,False,False
946801596,-18,2541,2038,896,0,17,31.07138888888889,503,1645,1,1,False,False,False,False,False
946803401,-18,2525,2013,868,0,17,31.572777777777777,512,1657,1,1,False,False,False,False,False
946805206,-18,2494,1969,897,0,17,32.07416666666666,525,1597,1,1,False,False,False,False,False
946807010,-18,2466,1928,850,0,17,32.57527777777778,538,1616,1,1,False,False,False,False,False
946808815,-18,2408,1826,837,0,17,33.07666666666667,582,1571,1,1,False,False,False,False,False
946810620,-18,2333,1698,820,0,17,33.57805555555556,635,1513,1,1,False,False,False,False,False
946812425,-18,2220,1511,811,0,17,34.07944444444445,709,1409,1,1,False,False,False,False,False
946814229,-18,2140,1430,802,0,17,34.580555555555556,710,1338,1,1,False,False,False,False,False
946816034,-18,2051,1332,795,0,17,35.081944444444446,719,1256,1,1,False,False,False,False,False
946817839,-18,2050,1319,791,0,17,35.583333333333336,731,1259,1,1,False,False,False,False,False
946819644,-18,2040,1306,794,0,17,36.084722222222226,734,1246,1,1,False,False,False,False,False
946821448,-18,2000,1249,790,0,17,36.58583333333333,751,1210,1,1,False,False,False,False,False
946823253,-18,2012,1267,802,2,17,37.08722222222222,745,1210,1,1,False,True,False,False,False
946825058,-18,1966,1202,792,0,17,37.58861111111111,764,1174,1,1,False,False,False,False,False
946826863,-18,1981,1227,794,2,17,38.09,754,1187,1,1,False,True,False,False,False
946828667,-18,1970,1212,786,0,17,38.59111111111111,758,1184,1,1,False,False,False,False,False
946830472,-18,1989,1238,797,2,17,39.0925,751,1192,1,1,False,True,False,False,False
946832277,-18,1911,1125,788,0,17,39.59388888888889,786,1123,1,1,False,False,False,False,False
946834082,-18,1926,1114,778,2,17,40.09527777777778,812,1148,1,1,False,True,False,False,False
946835886,-18,1968,1184,783,0,17,40.59638888888889,784,1185,1,1,False,False,False,False,False
946837691,-18,1951,1168,793,2,17,41.09777777777778,783,1158,1,1,False,True,False,False,False
946839496,-18,1948,1162,790,0,17,41.59916666666667,786,1158,1,1,False,False,False,False,False
946841301,-18,1905,1086,779,2,17,42.10055555555556,819,1126,1,1,False,True,False,False,False
946843105,-18,1934,1142,796,0,17,42.60166666666667,792,1138,1,1,False,False,False,False,False
946844910,-18,1930,1123,791,2,17,43.10305555555556,807,1139,1,1,False,True,False,False,False
946846715,-18,1905,1089,786,0,17,43.60444444444445,816,1119,1,1,False,False,False,False,False
946848520,-18,1892,1046,788,0,17,44.10583333333334,846,1104,1,1,False,False,False,False,False
946850324,-18,1836,935,781,0,17,44.606944444444444,901,1055,1,1,False,False,False,False,False
946852129,-18,1829,911,779,0,17,45.108333333333334,918,1050,1,1,False,False,False,False,False
946853934,-18,1868,988,773,0,17,45.609722222222224,880,1095,1,1,False,False,False,False,False
946855739,-18,1796,840,778,0,17,46.111111111111114,956,1018,1,1,False,False,False,False,False
946857543,-18,1892,1037,791,2,17,46.61222222222222,855,1101,1,1,False,True,False,False,False
946859348,-18,1788,779,774,0,17,47.11361111111111,1009,1014,1,1,False,False,False,False,False
946861153,-18,1795,792,773,0,17,47.615,1003,1022,1,1,False,False,False,False,False
946862958,-18,1832,857,777,0,17,48.11638888888889,975,1055,1,1,False,False,False,False,False
946864762,-18,1782,769,773,0,17,48.6175,1013,1009,1,1,False,False,False,False,False
946866567,-18,1870,959,790,2,17,49.11888888888889,911,1080,1,1,False,True,False,False,False
946868372,-18,1767,786,766,0,17,49.62027777777778,981,1001,1,1,False,False,False,False,False
946870177,-18,1832,845,794,2,17,50.12166666666667,987,1038,1,1,False,True,False,False,False
946871981,-18,1862,862,777,2,17,50.62277777777778,1000,1085,1,1,False,True,False,False,False
946873785,-18,1798,746,769,0,17,51.12388888888889,1052,1029,1,1,False,False,False,False,False
946875590,-18,1856,748,780,2,17,51.625277777777775,1108,1076,1,1,False,True,False,False,False
946877395,-18,1788,809,793,2,17,52.126666666666665,979,995,1,1,False,True,False,False,False
946879200,-18,1851,780,792,2,17,52.628055555555555,1071,1059,1,1,False,True,False,False,False
946881004,-18,1820,790,768,0,17,53.12916666666667,1030,1052,1,1,False,False,False,False,False
946882809,-18,1748,737,786,2,17,53.63055555555555,1011,962,1,1,False,True,False,False,False
946884614,-18,1826,746,794,2,17,54.13194444444444,1080,1032,1,1,False,True,False,False,False
946886419,-18,1770,810,764,0,17,54.63333333333333,960,1006,1,1,False,False,False,False,False
946888223,-18,1821,810,788,2,17,55.13444444444445,1011,1033,1,1,False,True,False,False,False
946890028,-18,1791,807,762,0,17,55.63583333333333,984,1029,1,1,False,False,False,False,False
946891833,-18,1755,806,763,0,17,56.13722222222222,949,992,1,1,False,False,False,False,False
946893638,-18,1810,814,773,0,17,56.63861111111111,996,1037,1,1,False,False,False,False,False
946895442,-18,1714,1623,1443,4,17,57.139722222222225,91,271,1,1,False,False,True,False,False
946897247,-18,1813,800,765,2,17,57.64111111111111,1013,1048,1,1,False,True,False,False,False
946899052,-18,1800,759,789,2,17,58.1425,1041,1011,1,1,False,True,False,False,False
946900857,-18,1707,1625,1442,4,17,58.64388888888889,82,265,1,1,False,False,True,False,False
946902661,-18,1778,787,763,2,17,59.145,991,1015,1,1,False,True,False,False,False
946904466,-18,1776,749,801,2,17,59.646388888888886,1027,975,1,1,False,True,False,False,False
946906271,-18,1805,809,764,4,17,60.147777777777776,996,1041,1,1,False,False,True,False,False
946908076,-18,1823,756,789,2,17,60.649166666666666,1067,1034,1,1,False,True,False,False,False
946909880,-18,1828,775,763,0,17,61.15027777777778,1053,1065,1,1,False,False,False,False,False
946911685,-18,1758,791,792,6,17,61.651666666666664,967,966,1,1,False,True,True,False,False
946913490,-18,1734,1648,1510,6,17,62.153055555555554,86,224,1,1,False,True,True,False,False
946915295,-18,1772,801,792,2,17,62.654444444444444,971,980,1,1,False,True,False,False,False
946917099,-18,1813,797,764,4,17,63.15555555555556,1016,1049,1,1,False,False,True,False,False
946918904,-18,1799,812,784,6,17,63.65694444444444,987,1015,1,1,False,True,True,False,False
946920709,-18,1774,811,794,2,17,64.15833333333333,963,980,1,1,False,True,False,False,False
946922514,-18,1771,806,757,0,17,64.65972222222223,965,1014,1,1,False,False,False,False,False
946924318,-18,1767,791,786,2,17,65.16083333333333,976,981,1,1,False,True,False,False,False
946926123,-18,1785,795,765,0,17,65.66222222222223,990,1020,1,1,False,False,False,False,False
946927928,-18,1782,797,774,2,17,66.16361111111111,985,1008,1,1,False,True,False,False,False
946929733,-18,1792,805,793,2,17,66.665,987,999,1,1,False,True,False,False,False
946931537,-18,1777,795,760,4,17,67.1661111111111,982,1017,1,1,False,False,True,False,False
946933342,-18,1747,1649,788,6,17,67.6675,98,959,1,1,False,True,True,False,False
946935147,-18,1752,795,763,0,17,68.16888888888889,957,989,1,1,False,False,False,False,False
946936952,-18,1756,795,769,2,17,68.67027777777778,961,987,1,1,False,True,False,False,False
946938756,-18,1711,1626,1492,6,17,69.17138888888888,85,219,1,1,False,True,True,False,False
946940561,-18,1764,797,791,2,17,69.67277777777778,967,973,1,1,False,True,False,False,False
946942366,-18,1736,1640,1453,6,17,70.17416666666666,96,283,1,1,False,True,True,False,False
946944168,-18,1757,787,758,2,17,70.67472222222223,970,999,1,1,False,True,False,False,False
946945972,-18,1492,1407,1436,6,17,71.17583333333333,85,56,1,1,False,True,True,False,False
946947777,-18,1661,1576,1487,6,17,71.67722222222223,85,174,1,1,False,True,True,False,False
946949582,-18,1734,1656,1445,6,17,72.17861111111111,78,289,1,1,False,True,True,False,False
946951387,-18,1694,1613,1494,6,17,72.68,81,200,1,1,False,True,True,False,False
946953191,-18,1761,783,783,2,17,73.18111111111111,978,978,1,1,False,True,False,False,False
946954996,-18,1733,1640,1508,6,17,73.6825,93,225,1,1,False,True,True,False,False
946956801,-18,1713,1627,1504,6,17,74.18388888888889,86,209,1,1,False,True,True,False,False
946958606,-18,1665,1578,1487,6,17,74.68527777777778,87,178,1,1,False,True,True,False,False
946960410,-18,1757,787,809,2,17,75.18638888888889,970,948,1,1,False,True,False,False,False
946962215,-18,1557,1465,1439,4,17,75.68777777777778,92,118,1,1,False,False,True,False,False
946964020,-18,1668,1588,1484,6,17,76.18916666666667,80,184,1,1,False,True,True,False,False
946965825,-18,1727,1648,1451,6,17,76.69055555555556,79,276,1,1,False,True,True,False,False
946967626,-18,1714,1626,1443,6,17,77.19083333333333,88,271,1,1,False,True,True,False,False
946969431,-18,1751,786,766,2,17,77.69222222222223,965,985,1,1,False,True,False,False,False
946971236,-18,1697,1611,1486,6,17,78.19361111111111,86,211,1,1,False,True,True,False,False
946973040,-18,1757,780,763,2,17,78.69472222222223,977,994,1,1,False,True,False,False,False
946974845,-18,1705,1613,1489,6,17,79.19611111111111,92,216,1,1,False,True,True,False,False
946976650,-18,1769,800,775,2,17,79.6975,969,994,1,1,False,True,False,False,False
946978455,-18,1685,1597,1497,6,17,80.19888888888889,88,188,1,1,False,True,True,False,False
946980259,-18,1747,792,860,2,17,80.7,955,887,1,1,False,True,False,False,False
946982064,-18,1695,1601,1479,4,17,81.20138888888889,94,216,1,1,False,False,True,False,False
946983869,-18,1750,788,761,2,17,81.70277777777778,962,989,1,1,False,True,False,False,False
946985674,-18,1772,784,760,2,17,82.20416666666667,988,1012,1,1,False,True,False,False,False
946987478,-18,1705,1613,1454,4,17,82.70527777777778,92,251,1,1,False,False,True,False,False
946989283,-18,1764,778,770,2,17,83.20666666666666,986,994,1,1,False,True,False,False,False
946991088,-18,1698,1612,1446,4,17,83.70805555555556,86,252,1,1,False,False,True,False,False
946992893,-18,1751,784,762,2,17,84.20944444444444,967,989,1,1,False,True,False,False,False
946994697,-18,1708,1622,1499,6,17,84.71055555555556,86,209,1,1,False,True,True,False,False
946996502,-18,1772,788,792,2,17,85.21194444444444,984,980,1,1,False,True,False,False,False
946998307,-18,1729,1631,1450,4,17,85.71333333333334,98,279,1,1,False,False,True,False,False
947000112,-18,1767,781,763,2,17,86.21472222222222,986,1004,1,1,False,True,False,False,False
947001916,-18,1745,1644,768,6,17,86.71583333333334,101,977,1,1,False,True,True,False,False
947003721,-18,1771,790,768,2,17,87.21722222222222,981,1003,1,1,False,True,False,False,False
947005526,-18,1704,1589,1496,6,17,87.71861111111112,115,208,1,1,False,True,True,False,False
947007331,-18,1749,775,774,2,17,88.22,974,975,1,1,False,True,False,False,False
947009135,-18,1691,1589,1492,6,17,88.72111111111111,102,199,1,1,False,True,True,False,False
947010940,-18,1749,1648,773,6,17,89.2225,101,976,1,1,False,True,True,False,False
947012745,-18,1771,764,1496,6,17,89.7238888888889,1007,275,1,1,False,True,True,False,False
947014550,-18,1596,1499,1453,6,17,90.22527777777778,97,143,1,1,False,True,True,False,False
947016354,-18,1675,1582,1492,6,17,90.72638888888889,93,183,1,1,False,True,True,False,False
947018159,-18,1718,1621,1502,6,17,91.22777777777777,97,216,1,1,False,True,True,False,False
947019964,-18,1738,1648,796,6,17,91.72916666666667,90,942,1,1,False,True,True,False,False
947021769,-18,1757,772,1489,4,17,92.23055555555555,985,268,1,1,False,False,True,False,False
947023573,-18,1732,1632,1450,6,17,92.73166666666667,100,282,1,1,False,True,True,False,False
947025378,-18,1752,775,791,0,17,93.23305555555555,977,961,1,1,False,False,False,False,False
947027183,-18,1766,1662,759,4,17,93.73444444444445,104,1007,1,1,False,False,True,False,False
947028988,-18,1766,773,763,2,17,94.23583333333333,993,1003,1,1,False,True,False,False,False
947030792,-18,1707,1598,1495,6,17,94.73694444444445,109,212,1,1,False,True,True,False,False
