timestamp,temp,batt_mV,soundDroop_mV,boltDroop_mV,faults,batteryLevel,Time Elapsed (hours),soundDroopMag_mV,boltDroopMag_mV,meanLevel,nnLevel,fault_brownout,fault_bolt,fault_sound,fault_sound_brownout,fault_bolt_brownout
946687003,3,3077,2838,2718,0,51,0.0,239,359,3,3,False,False,False,False,False
946688807,0,2881,2561,2445,0,51,0.5011111111111111,320,436,3,3,False,False,False,False,False
946690610,0,2848,2547,2419,0,51,1.0019444444444445,301,429,3,3,False,False,False,False,False
946692414,0,2838,2559,2443,0,51,1.5030555555555556,279,395,3,3,False,False,False,False,False
946694217,0,2849,2564,2438,0,51,2.003888888888889,285,411,3,3,False,False,False,False,False
946696021,0,2843,2575,2456,0,51,2.505,268,387,3,3,False,False,False,False,False
946697824,0,2846,2580,2446,0,51,3.0058333333333334,266,400,3,3,False,False,False,False,False
946699628,0,2834,2575,2469,0,51,3.5069444444444446,259,365,3,3,False,False,False,False,False
946701431,0,2840,2582,2448,0,51,4.007777777777778,258,392,3,3,False,False,False,False,False
946703235,0,2836,2577,2481,0,51,4.5088888888888885,259,355,3,3,False,False,False,False,False
946705038,0,2835,2572,2442,0,51,5.009722222222222,263,393,3,3,False,False,False,False,False
946706842,0,2828,2570,2471,0,51,5.510833333333333,258,357,3,3,False,False,False,False,False
946708645,0,2831,2570,2435,0,51,6.011666666666667,261,396,3,3,False,False,False,False,False
946710449,0,2832,2560,2449,0,51,6.512777777777778,272,383,3,3,False,False,False,False,False
946712252,0,2831,2563,2433,0,51,7.0136111111111115,268,398,3,3,False,False,False,False,False
946714056,0,2829,2553,2446,0,51,7.514722222222222,276,383,3,3,False,False,False,False,False
946715859,0,2829,2560,2427,0,51,8.015555555555556,269,402,3,3,False,False,False,False,False
946717663,0,2824,2557,2449,0,51,8.516666666666667,267,375,3,3,False,False,False,False,False
946719466,0,2825,2560,2426,0,51,9.0175,265,399,3,3,False,False,False,False,False
946721270,0,2821,2558,2454,0,51,9.518611111111111,263,367,3,3,False,False,False,False,False
946723073,0,2827,2556,2424,0,51,10.019444444444444,271,403,3,3,False,False,False,False,False
946724877,0,2825,2551,2441,0,51,10.520555555555555,274,384,3,3,False,False,False,False,False
946726680,0,2828,2551,2424,0,51,11.02138888888889,277,404,3,3,False,False,False,False,False
946728484,0,2825,2551,2445,0,51,11.5225,274,380,3,3,False,False,False,False,False
946730288,0,2820,2553,2419,0,51,12.02361111111111,267,401,3,3,False,False,False,False,False
946732091,0,2827,2545,2437,0,51,12.524444444444445,282,390,3,3,False,False,False,False,False
946733895,0,2820,2554,2423,0,51,13.025555555555556,266,397,3,3,False,False,False,False,False
946735698,0,2832,2550,2446,0,51,13.526388888888889,282,386,3,3,False,False,False,False,False
946737502,0,2818,2553,2424,0,51,14.0275,265,394,3,3,False,False,False,False,False
946739305,0,2822,2548,2443,0,51,14.528333333333334,274,379,3,3,False,False,False,False,False
946741109,0,2825,2551,2417,0,51,15.029444444444444,274,408,3,3,False,False,False,False,False
946742912,0,2824,2547,2435,0,51,15.530277777777778,277,389,3,3,False,False,False,False,False
946744716,0,2827,2544,2411,0,51,16.031388888888888,283,416,3,3,False,False,False,False,False
946746519,0,2822,2544,2431,0,51,16.532222222222224,278,391,3,3,False,False,False,False,False
946748323,0,2819,2544,2402,0,51,17.033333333333335,275,417,3,3,False,False,False,False,False
946750126,0,2818,2544,2429,0,51,17.534166666666668,274,389,3,3,False,False,False,False,False
946751930,0,2813,2541,2402,0,51,18.03527777777778,272,411,3,3,False,False,False,False,False
946753733,0,2823,2541,2419,0,51,18.53611111111111,282,404,3,3,False,False,False,False,False
946755537,0,2811,2539,2402,0,51,19.037222222222223,272,409,3,3,False,False,False,False,False
946757340,0,2819,2537,2416,0,51,19.538055555555555,282,403,3,3,False,False,False,False,False
946759144,0,2811,2530,2391,0,51,20.039166666666667,281,420,3,3,False,False,False,False,False
946760947,0,2814,2534,2416,0,51,20.54,280,398,3,3,False,False,False,False,False
946762751,0,2810,2530,2392,0,51,21.04111111111111,280,418,3,3,False,False,False,False,False
946764554,0,2805,2525,2413,0,51,21.541944444444443,280,392,3,3,False,False,False,False,False
946766358,0,2808,2528,2387,0,51,22.043055555555554,280,421,3,3,False,False,False,False,False
946768161,0,2810,2525,2415,0,51,22.54388888888889,285,395,3,3,False,False,False,False,False
946769965,0,2800,2524,2371,0,51,23.045,276,429,3,3,False,False,False,False,False
946771768,0,2797,2521,2403,0,51,23.545833333333334,276,394,3,3,False,False,False,False,False
946773572,0,2797,2517,2374,0,51,24.046944444444446,280,423,3,3,False,False,False,False,False
946775376,0,2797,2518,2391,0,51,24.548055555555557,279,406,3,3,False,False,False,False,False
946777179,0,2800,2514,2362,0,51,25.04888888888889,286,438,3,3,False,False,False,False,False
946778983,0,2789,2509,2390,0,51,25.55,280,399,3,3,False,False,False,False,False
946780786,0,2802,2508,2355,0,51,26.050833333333333,294,447,3,3,False,False,False,False,False
946782590,0,2799,2504,2376,0,51,26.551944444444445,295,423,3,3,False,False,False,False,False
946784393,0,2790,2506,2352,0,51,27.052777777777777,284,438,3,3,False,False,False,False,False
946786197,0,2789,2501,2373,0,51,27.55388888888889,288,416,3,3,False,False,False,False,False
946788000,0,2784,2501,2340,0,51,28.05472222222222,283,444,3,3,False,False,False,False,False
946789804,0,2790,2496,2373,0,51,28.555833333333332,294,417,3,3,False,False,False,False,False
946791607,0,2785,2499,2333,0,51,29.05666666666667,286,452,3,3,False,False,False,False,False
946793411,0,2777,2492,2341,0,51,29.557777777777776,285,436,3,3,False,False,False,False,False
946795214,0,2780,2491,2312,0,51,30.058611111111112,289,468,3,3,False,False,False,False,False
946797018,0,2778,2481,2335,0,51,30.559722222222224,297,443,3,3,False,False,False,False,False
946798821,0,2770,2485,2304,0,51,31.060555555555556,285,466,3,3,False,False,False,False,False
946800625,0,2768,2485,2325,0,51,31.561666666666667,283,443,3,3,False,False,False,False,False
946802428,0,2776,2480,2292,0,51,32.0625,296,484,3,3,False,False,False,False,False
946804232,0,2765,2476,2322,0,51,32.56361111111111,289,443,3,3,False,False,False,False,False
946806035,0,2767,2471,2288,0,51,33.06444444444445,296,479,3,3,False,False,False,False,False
946807839,0,2756,2465,2312,0,51,33.565555555555555,291,444,3,3,False,False,False,False,False
946809642,0,2761,2466,2281,0,51,34.06638888888889,295,480,3,3,False,False,False,False,False
946811446,0,2755,2459,2304,0,51,34.5675,296,451,3,3,False,False,False,False,False
946813249,0,2749,2457,2266,0,51,35.068333333333335,292,483,3,3,False,False,False,False,False
946815053,0,2750,2452,2303,0,51,35.56944444444444,298,447,3,3,False,False,False,False,False
946816856,0,2752,2447,2249,0,51,36.070277777777775,305,503,3,3,False,False,False,False,False
946818660,0,2740,2437,2285,0,51,36.57138888888889,303,455,3,3,False,False,False,False,False
946820463,0,2740,2435,2239,0,51,37.07222222222222,305,501,3,3,False,False,False,False,False
946822267,0,2727,2426,2262,0,51,37.57333333333333,301,465,3,3,False,False,False,False,False
946824070,0,2725,2425,2219,0,51,38.07416666666666,300,506,3,3,False,False,False,False,False
946825874,0,2722,2414,2247,0,51,38.57527777777778,308,475,3,3,False,False,False,False,False
946827677,0,2724,2412,2194,0,51,39.07611111111111,312,530,3,3,False,False,False,False,False
946829481,0,2715,2405,2223,0,51,39.577222222222225,310,492,3,3,False,False,False,False,False
946831284,0,2720,2403,2177,0,51,40.07805555555556,317,543,3,3,False,False,False,False,False
946833088,0,2711,2394,2204,0,51,40.579166666666666,317,507,3,3,False,False,False,False,False
946834891,0,2704,2392,2152,0,35,41.08,312,552,3,2,False,False,False,False,False
946836695,0,2698,2379,2189,0,35,41.58111111111111,319,509,3,2,False,False,False,False,False
946838498,0,2696,2373,2128,0,34,42.081944444444446,323,568,2,2,False,False,False,False,False
946840302,0,2688,2369,2162,0,34,42.58305555555555,319,526,2,2,False,False,False,False,False
946842106,0,2682,2361,2102,0,34,43.08416666666667,321,580,2,2,False,False,False,False,False
946843909,0,2675,2350,2137,0,34,43.585,325,538,2,2,False,False,False,False,False
946845713,0,2667,2345,2077,0,34,44.08611111111111,322,590,2,2,False,False,False,False,False
946847516,0,2663,2326,2110,0,34,44.58694444444444,337,553,2,2,False,False,False,False,False
946849319,0,2654,2320,2041,0,34,45.08777777777778,334,613,2,2,False,False,False,False,False
946851123,0,2644,2306,2075,0,34,45.58888888888889,338,569,2,2,False,False,False,False,False
946852926,0,2644,2299,1993,0,34,46.08972222222222,345,651,2,2,False,False,False,False,False
946854730,0,2629,2284,2026,0,34,46.590833333333336,345,603,2,2,False,False,False,False,False
946856533,0,2616,2274,1918,0,34,47.09166666666667,342,698,2,2,False,False,False,False,False
946858337,0,2618,2260,1960,0,34,47.592777777777776,358,658,2,2,False,False,False,False,False
946860140,0,2602,2248,1846,0,34,48.09361111111111,354,756,2,2,False,False,False,False,False
946861944,0,2604,2226,1895,0,34,48.594722222222224,378,709,2,2,False,False,False,False,False
946863747,0,2581,2217,1728,0,17,49.095555555555556,364,853,1,1,False,False,False,False,False
946865551,0,2572,2191,1756,0,17,49.596666666666664,381,816,1,1,False,False,False,False,False
946867354,0,2560,2179,1579,0,17,50.0975,381,981,1,1,False,False,False,False,False
946869158,0,2544,2150,1587,0,17,50.59861111111111,394,957,1,1,False,False,False,False,False
946870961,0,2534,2123,1383,0,17,51.099444444444444,411,1151,1,1,False,False,False,False,False
946872765,0,2509,2082,1366,0,17,51.60055555555556,427,1143,1,1,False,False,False,False,False
946874568,0,2484,2043,988,0,17,52.10138888888889,441,1496,1,1,False,False,False,False,False
946876372,0,2435,1980,983,0,17,52.6025,455,1452,1,1,False,False,False,False,False
946878175,0,2367,1866,809,0,17,53.10333333333333,501,1558,1,1,False,False,False,False,False
946879980,0,2206,1579,762,0,17,53.60472222222222,627,1444,1,1,False,False,False,False,False
946881785,0,2066,769,740,0,17,54.10611111111111,1297,1326,1,1,False,False,False,False,False
946883589,0,2036,812,741,4,17,54.60722222222222,1224,1295,1,1,False,False,True,False,False
946885394,0,1926,793,755,2,17,55.10861111111111,1133,1171,1,1,False,True,False,False,False
946887198,0,1891,772,739,0,17,55.609722222222224,1119,1152,1,1,False,False,False,False,False
946889003,0,1946,787,742,2,17,56.111111111111114,1159,1204,1,1,False,True,False,False,False
946890808,0,1896,772,750,2,17,56.6125,1124,1146,1,1,False,True,False,False,False
946892612,0,1925,772,747,2,17,57.11361111111111,1153,1178,1,1,False,True,False,False,False
