timestamp,temp,batt_mV,soundDroop_mV,boltDroop_mV,faults,batteryLevel,Time Elapsed (hours),soundDroopMag_mV,boltDroopMag_mV,meanLevel,nnLevel,fault_brownout,fault_bolt,fault_sound,fault_sound_brownout,fault_bolt_brownout
946692395,-18,3157,2594,1960,0,51,0.0,563,1197,3,3,False,False,False,False,False
946694199,-18,2897,2405,1958,0,51,0.5011111111111111,492,939,3,3,False,False,False,False,False
946696003,-18,2834,2362,1826,0,51,1.0022222222222221,472,1008,3,3,False,False,False,False,False
946697807,-18,2816,2343,1867,0,51,1.5033333333333334,473,949,3,3,False,False,False,False,False
946699611,-18,2809,2334,1799,0,51,2.0044444444444443,475,1010,3,3,False,False,False,False,False
946701415,-18,2810,2328,1858,0,51,2.5055555555555555,482,952,3,3,False,False,False,False,False
946703219,-18,2810,2328,1784,0,51,3.006666666666667,482,1026,3,3,False,False,False,False,False
946705023,-18,2793,2321,1836,0,51,3.5077777777777777,472,957,3,3,False,False,False,False,False
946706827,-18,2800,2319,1754,0,51,4.0088888888888885,481,1046,3,3,False,False,False,False,False
946708631,-18,2797,2225,1657,0,51,4.51,572,1140,3,3,False,False,False,False,False
946710435,-18,2794,2165,1578,0,51,5.011111111111111,629,1216,3,3,False,False,False,False,False
946712239,-18,2793,2145,1609,0,51,5.512222222222222,648,1184,3,3,False,False,False,False,False
946714043,-18,2783,2139,1564,0,51,6.013333333333334,644,1219,3,3,False,False,False,False,False
946715847,-18,2788,2129,1587,0,51,6.514444444444444,659,1201,3,3,False,False,False,False,False
946717651,-18,2779,2113,1530,0,51,7.015555555555555,666,1249,3,3,False,False,False,False,False
946719456,-18,2780,2114,1569,0,51,7.516944444444444,666,1211,3,3,False,False,False,False,False
946721259,-18,2770,2104,1486,0,51,8.017777777777777,666,1284,3,3,False,False,False,False,False
946723064,-18,2782,2104,1539,0,51,8.519166666666667,678,1243,3,3,False,False,False,False,False
946724868,-18,2780,2092,1505,0,51,9.020277777777778,688,1275,3,3,False,False,False,False,False
946726672,-18,2780,2095,1514,0,51,9.52138888888889,685,1266,3,3,False,False,False,False,False
946728476,-18,2781,2083,1462,0,51,10.0225,698,1319,3,3,False,False,False,False,False
946730280,-18,2775,2083,1489,0,51,10.52361111111111,692,1286,3,3,False,False,False,False,False
946732084,-18,2775,2074,1427,0,51,11.024722222222222,701,1348,3,3,False,False,False,False,False
946733888,-18,2784,2079,1485,0,51,11.525833333333333,705,1299,3,3,False,False,False,False,False
946735692,-18,2765,2066,1403,0,51,12.026944444444444,699,1362,3,3,False,False,False,False,False
946737496,-18,2773,2066,1469,0,51,12.528055555555556,707,1304,3,3,False,False,False,False,False
946739300,-18,2774,2061,1414,0,51,13.029166666666667,713,1360,3,3,False,False,False,False,False
946741104,-18,2775,2061,1449,0,51,13.530277777777778,714,1326,3,3,False,False,False,False,False
946742908,-18,2774,2050,1363,0,51,14.03138888888889,724,1411,3,3,False,False,False,False,False
946744713,-18,2774,2054,1431,0,51,14.532777777777778,720,1343,3,3,False,False,False,False,False
946746517,-18,2770,2049,1306,0,51,15.033888888888889,721,1464,3,3,False,False,False,False,False
946748321,-18,2774,2045,1413,0,51,15.535,729,1361,3,3,False,False,False,False,False
946750125,-18,2769,2027,1264,0,51,16.03611111111111,742,1505,3,3,False,False,False,False,False
946751929,-18,2771,2036,1386,0,51,16.537222222222223,735,1385,3,3,False,False,False,False,False
946753733,-18,2766,2026,1229,0,51,17.038333333333334,740,1537,3,3,False,False,False,False,False
946755537,-18,2763,2028,1363,0,51,17.539444444444445,735,1400,3,3,False,False,False,False,False
946757341,-18,2766,2024,1189,0,51,18.040555555555557,742,1577,3,3,False,False,False,False,False
946759145,-18,2770,2022,1351,0,51,18.541666666666668,748,1419,3,3,False,False,False,False,False
946760949,-18,2768,2013,1259,0,51,19.04277777777778,755,1509,3,3,False,False,False,False,False
946762753,-18,2769,2006,1290,0,51,19.54388888888889,763,1479,3,3,False,False,False,False,False
946764557,-18,2762,1995,1222,0,51,20.045,767,1540,3,3,False,False,False,False,False
946766361,-18,2766,2001,1217,0,51,20.54611111111111,765,1549,3,3,False,False,False,False,False
946768165,-18,2768,1997,1193,0,51,21.04722222222222,771,1575,3,3,False,False,False,False,False
946769970,-18,2760,1991,1207,0,51,21.54861111111111,769,1553,3,3,False,False,False,False,False
946771774,-18,2765,1984,1122,0,51,22.049722222222222,781,1643,3,3,False,False,False,False,False
946773578,-18,2753,1987,1137,0,51,22.550833333333333,766,1616,3,3,False,False,False,False,False
946775382,-18,2751,1978,1122,0,51,23.051944444444445,773,1629,3,3,False,False,False,False,False
946777186,-18,2751,1978,1200,0,51,23.553055555555556,773,1551,3,3,False,False,False,False,False
946778990,-18,2759,1967,1107,0,51,24.054166666666667,792,1652,3,3,False,False,False,False,False
946780795,-18,2760,1975,1167,0,51,24.555555555555557,785,1593,3,3,False,False,False,False,False
946782599,-18,2751,1970,1131,0,51,25.05666666666667,781,1620,3,3,False,False,False,False,False
946784404,-18,2749,1970,1127,0,51,25.558055555555555,779,1622,3,3,False,False,False,False,False
946786208,-18,2753,1970,1132,0,51,26.059166666666666,783,1621,3,3,False,False,False,False,False
946788012,-18,2745,1983,1152,0,51,26.560277777777777,762,1593,3,3,False,False,False,False,False
946789816,-18,2750,1984,1137,0,51,27.06138888888889,766,1613,3,3,False,False,False,False,False
946791621,-18,2744,1999,1142,0,51,27.56277777777778,745,1602,3,3,False,False,False,False,False
946793425,-18,2736,2012,1138,0,51,28.06388888888889,724,1598,3,3,False,False,False,False,False
946795229,-18,2740,2029,1124,0,51,28.565,711,1616,3,3,False,False,False,False,False
946797034,-18,2746,2037,1048,0,51,29.066388888888888,709,1698,3,3,False,False,False,False,False
946798838,-18,2735,2037,1063,0,51,29.5675,698,1672,3,3,False,False,False,False,False
946800643,-18,2733,2041,1012,0,51,30.06888888888889,692,1721,3,3,False,False,False,False,False
946802447,-18,2731,2038,1020,0,51,30.57,693,1711,3,3,False,False,False,False,False
946804252,-18,2723,2036,915,0,51,31.07138888888889,687,1808,3,3,False,False,False,False,False
946806057,-18,2715,2018,972,0,51,31.572777777777777,697,1743,3,3,False,False,False,False,False
946807861,-18,2720,2017,877,0,51,32.07388888888889,703,1843,3,3,False,False,False,False,False
946809666,-18,2712,1999,903,0,51,32.57527777777778,713,1809,3,3,False,False,False,False,False
946811471,-18,2702,1995,861,0,51,33.07666666666667,707,1841,3,3,False,False,False,False,False
946813275,-18,2695,1966,875,0,51,33.577777777777776,729,1820,3,3,False,False,False,False,False
946815080,-18,2684,1959,890,0,51,34.079166666666666,725,1794,3,3,False,False,False,False,False
946816885,-18,2669,1924,869,0,51,34.580555555555556,745,1800,3,3,False,False,False,False,False
946818690,-18,2676,1901,865,0,51,35.081944444444446,775,1811,3,3,False,False,False,False,False
946820494,-18,2663,1870,883,0,51,35.58305555555555,793,1780,3,3,False,False,False,False,False
946822299,-18,2652,1832,880,0,34,36.08444444444444,820,1772,2,2,False,False,False,False,False
946824104,-18,2645,1791,894,0,34,36.58583333333333,854,1751,2,2,False,False,False,False,False
946825909,-18,2637,1750,848,0,34,37.08722222222222,887,1789,2,2,False,False,False,False,False
946827713,-18,2630,1700,859,0,34,37.58833333333333,930,1771,2,2,False,False,False,False,False
946829518,-18,2607,1656,822,0,34,38.08972222222222,951,1785,2,2,False,False,False,False,False
946831323,-18,2595,1609,821,0,34,38.59111111111111,986,1774,2,2,False,False,False,False,False
946833128,-18,2581,1568,801,0,18,39.0925,1013,1780,2,1,False,False,False,False,False
946834932,-18,2552,1513,798,0,17,39.59361111111111,1039,1754,1,1,False,False,False,False,False
946836737,-18,2538,1418,773,0,17,40.095,1120,1765,1,1,False,False,False,False,False
946838542,-18,2509,1336,766,0,17,40.59638888888889,1173,1743,1,1,False,False,False,False,False
946840347,-18,2459,1135,744,0,17,41.09777777777778,1324,1715,1,1,False,False,False,False,False
946841919,-18,2398,922,851,0,17,41.534444444444446,1476,1547,1,1,False,False,False,False,False
946843724,-18,2315,779,927,2,17,42.035833333333336,1536,1388,1,1,False,True,False,False,False
946845528,-18,2241,781,899,2,17,42.536944444444444,1460,1342,1,1,False,True,False,False,False
946847333,-18,2201,777,896,2,17,43.038333333333334,1424,1305,1,1,False,True,False,False,False
946849138,-18,2167,772,918,2,17,43.539722222222224,1395,1249,1,1,False,True,False,False,False
946850943,-18,2153,759,953,2,17,44.041111111111114,1394,1200,1,1,False,True,False,False,False
946852747,-18,2109,758,943,6,17,44.54222222222222,1351,1166,1,1,False,True,True,False,False
946854552,-18,2095,782,926,6,17,45.04361111111111,1313,1169,1,1,False,True,True,False,False
946856357,-18,2085,759,936,6,17,45.545,1326,1149,1,1,False,True,True,False,False
946858162,-18,1988,747,901,6,17,46.04638888888889,1241,1087,1,1,False,True,True,False,False
946859966,-18,2045,749,733,2,17,46.5475,1296,1312,1,1,False,True,False,False,False
946861771,-18,2036,763,954,6,17,47.04888888888889,1273,1082,1,1,False,True,True,False,False
946863576,-18,2027,762,954,6,17,47.55027777777778,1265,1073,1,1,False,True,True,False,False
946865381,-18,1956,759,936,6,17,48.05166666666667,1197,1020,1,1,False,True,True,False,False
946867185,-18,1913,728,895,6,17,48.55277777777778,1185,1018,1,1,False,True,True,False,False
946868990,-18,1981,920,944,6,17,49.05416666666667,1061,1037,1,1,False,True,True,False,False
946870795,-18,1959,744,958,6,17,49.55555555555556,1215,1001,1,1,False,True,True,False,False
946872600,-18,1927,738,958,6,17,50.05694444444445,1189,969,1,1,False,True,True,False,False
946874404,-18,1964,734,741,6,17,50.558055555555555,1230,1223,1,1,False,True,True,False,False
946876209,-18,1992,729,738,6,17,51.059444444444445,1263,1254,1,1,False,True,True,False,False
946878014,-18,1898,723,724,6,17,51.560833333333335,1175,1174,1,1,False,True,True,False,False
946879819,-18,1852,699,709,6,17,52.062222222222225,1153,1143,1,1,False,True,True,False,False
946881623,-18,1899,748,853,6,17,52.56333333333333,1151,1046,1,1,False,True,True,False,False
946883428,-18,1837,728,1032,6,17,53.06472222222222,1109,805,1,1,False,True,True,False,False
946885233,-18,1813,705,712,6,17,53.56611111111111,1108,1101,1,1,False,True,True,False,False
946887038,-18,1864,699,713,6,17,54.0675,1165,1151,1,1,False,True,True,False,False
946888842,-18,1871,732,886,6,17,54.56861111111111,1139,985,1,1,False,True,True,False,False
946890647,-18,1897,719,964,6,17,55.07,1178,933,1,1,False,True,True,False,False
946892452,-18,1879,699,711,6,17,55.57138888888889,1180,1168,1,1,False,True,True,False,False
946894257,-18,1853,696,712,6,17,56.07277777777778,1157,1141,1,1,False,True,True,False,False
946896061,-18,1838,695,707,6,17,56.57388888888889,1143,1131,1,1,False,True,True,False,False
946897866,-18,1871,695,702,6,17,57.07527777777778,1176,1169,1,1,False,True,True,False,False
946899671,-18,1839,695,706,6,17,57.57666666666667,1144,1133,1,1,False,True,True,False,False
946901476,-18,1865,695,703,6,17,58.07805555555556,1170,1162,1,1,False,True,True,False,False
946903280,-18,1859,691,705,6,17,58.579166666666666,1168,1154,1,1,False,True,True,False,False
946905085,-18,1846,691,706,6,17,59.080555555555556,1155,1140,1,1,False,True,True,False,False
