timestamp,temp,batt_mV,soundDroop_mV,boltDroop_mV,faults,Time Elapsed (hours),soundDroopMag_mV,boltDroopMag_mV,fault_brownout,fault_bolt,fault_sound,fault_sound_brownout,fault_bolt_brownout
946686147,20,3230,3019,2184,0,0.0,211,1046,False,False,False,False,False
946687950,20,3006,2805,1640,0,0.5008333333333334,201,1366,False,False,False,False,False
946689754,20,2961,2759,1523,0,1.0019444444444445,202,1438,False,False,False,False,False
946691558,20,2957,2745,1652,0,1.5030555555555556,212,1305,False,False,False,False,False
946693362,20,2938,2742,1579,0,2.004166666666667,196,1359,False,False,False,False,False
946695166,20,2946,2749,1623,0,2.5052777777777777,197,1323,False,False,False,False,False
946696970,20,2950,2748,1648,0,3.006388888888889,202,1302,False,False,False,False,False
946698774,20,2938,2740,1614,0,3.5075,198,1324,False,False,False,False,False
946700578,20,2943,2737,1628,0,4.008611111111111,206,1315,False,False,False,False,False
946702382,20,2947,2745,1640,0,4.509722222222222,202,1307,False,False,False,False,False
946704186,20,2952,2741,1618,0,5.010833333333333,211,1334,False,False,False,False,False
946705990,20,2947,2740,1660,0,5.5119444444444445,207,1287,False,False,False,False,False
946707794,20,2943,2737,1585,0,6.013055555555556,206,1358,False,False,False,False,False
946709598,20,2940,2735,1629,0,6.514166666666667,205,1311,False,False,False,False,False
946711402,20,2940,2734,1573,0,7.0152777777777775,206,1367,False,False,False,False,False
946713206,20,2942,2738,1696,0,7.516388888888889,204,1246,False,False,False,False,False
946715010,20,2940,2736,1604,0,8.0175,204,1336,False,False,False,False,False
946716814,20,2941,2736,1689,0,8.518611111111111,205,1252,False,False,False,False,False
946718618,20,2948,2736,1611,0,9.019722222222223,212,1337,False,False,False,False,False
946720423,20,2942,2734,1629,0,9.52111111111111,208,1313,False,False,False,False,False
946722227,20,2943,2727,1653,0,10.022222222222222,216,1290,False,False,False,False,False
946724031,20,2941,2727,1552,0,10.523333333333333,214,1389,False,False,False,False,False
946725835,20,2948,2720,1542,0,11.024444444444445,228,1406,False,False,False,False,False
946727639,20,2942,2723,1554,0,11.525555555555556,219,1388,False,False,False,False,False
946729443,20,2942,2724,1524,0,12.026666666666667,218,1418,False,False,False,False,False
946731247,20,2942,2718,1580,0,12.527777777777779,224,1362,False,False,False,False,False
946733051,20,2948,2727,1637,0,13.028888888888888,221,1311,False,False,False,False,False
946734855,20,2936,2710,1668,0,13.53,226,1268,False,False,False,False,False
946736659,20,2940,2713,1582,0,14.03111111111111,227,1358,False,False,False,False,False
946738463,20,2939,2715,1639,0,14.532222222222222,224,1300,False,False,False,False,False
946740267,20,2944,2715,1555,0,15.033333333333333,229,1389,False,False,False,False,False
946742071,20,2941,2719,1650,0,15.534444444444444,222,1291,False,False,False,False,False
946743875,20,2948,2729,1571,0,16.035555555555554,219,1377,False,False,False,False,False
946745679,20,2943,2718,1612,0,16.536666666666665,225,1331,False,False,False,False,False
946747483,20,2948,2717,1586,0,17.037777777777777,231,1362,False,False,False,False,False
946749287,20,2936,2704,1666,0,17.538888888888888,232,1270,False,False,False,False,False
946751091,20,2943,2731,1582,0,18.04,212,1361,False,False,False,False,False
946752895,20,2952,2723,1691,0,18.54111111111111,229,1261,False,False,False,False,False
946754700,20,2948,2740,1581,0,19.0425,208,1367,False,False,False,False,False
946756504,20,2951,2732,1599,0,19.54361111111111,219,1352,False,False,False,False,False
946758308,20,2947,2731,1614,0,20.044722222222223,216,1333,False,False,False,False,False
946760112,20,2949,2726,1644,0,20.545833333333334,223,1305,False,False,False,False,False
946761916,20,2944,2732,1616,0,21.046944444444446,212,1328,False,False,False,False,False
946763720,20,2944,2729,1634,0,21.548055555555557,215,1310,False,False,False,False,False
946765524,20,2946,2730,1647,0,22.049166666666668,216,1299,False,False,False,False,False
946767328,20,2942,2727,1629,0,22.55027777777778,215,1313,False,False,False,False,False
946769132,20,2938,2731,1499,0,23.051388888888887,207,1439,False,False,False,False,False
946770936,20,2946,2727,1609,0,23.5525,219,1337,False,False,False,False,False
946772740,20,2942,2715,1565,0,24.05361111111111,227,1377,False,False,False,False,False
946774544,20,2949,2721,1582,0,24.55472222222222,228,1367,False,False,False,False,False
946776348,20,2938,2727,1563,0,25.055833333333332,211,1375,False,False,False,False,False
946778152,20,2934,2724,1623,0,25.556944444444444,210,1311,False,False,False,False,False
946779956,20,2939,2722,1566,0,26.058055555555555,217,1373,False,False,False,False,False
946781760,20,2941,2719,1589,0,26.559166666666666,222,1352,False,False,False,False,False
946783564,20,2939,2718,1623,0,27.060277777777777,221,1316,False,False,False,False,False
946785368,20,2930,2721,1550,0,27.56138888888889,209,1380,False,False,False,False,False
946787173,20,2938,2706,1615,0,28.06277777777778,232,1323,False,False,False,False,False
946788977,20,2937,2715,1642,0,28.56388888888889,222,1295,False,False,False,False,False
946790781,20,2938,2711,1635,0,29.065,227,1303,False,False,False,False,False
946792585,20,2929,2717,1670,0,29.566111111111113,212,1259,False,False,False,False,False
946794389,20,2933,2715,1633,0,30.067222222222224,218,1300,False,False,False,False,False
946796193,20,2930,2711,1653,0,30.56833333333333,219,1277,False,False,False,False,False
946797997,20,2929,2713,1547,0,31.069444444444443,216,1382,False,False,False,False,False
946799801,20,2930,2707,1546,0,31.570555555555554,223,1384,False,False,False,False,False
946801605,20,2933,2698,1498,0,32.071666666666665,235,1435,False,False,False,False,False
946803409,20,2939,2686,1603,0,32.57277777777778,253,1336,False,False,False,False,False
946805213,20,2922,2708,1582,0,33.07388888888889,214,1340,False,False,False,False,False
946807017,20,2924,2710,1593,0,33.575,214,1331,False,False,False,False,False
946808821,20,2917,2706,1549,0,34.07611111111111,211,1368,False,False,False,False,False
946810626,20,2921,2701,1583,0,34.5775,220,1338,False,False,False,False,False
946812430,20,2922,2698,1500,0,35.07861111111111,224,1422,False,False,False,False,False
946814234,20,2910,2692,1523,0,35.57972222222222,218,1387,False,False,False,False,False
946816038,20,2917,2688,1488,0,36.08083333333333,229,1429,False,False,False,False,False
946817842,20,2911,2686,1476,0,36.581944444444446,225,1435,False,False,False,False,False
946819646,20,2909,2682,1489,0,37.08305555555555,227,1420,False,False,False,False,False
946821450,20,2900,2684,1515,0,37.58416666666667,216,1385,False,False,False,False,False
946823255,20,2908,2672,1502,0,38.08555555555556,236,1406,False,False,False,False,False
946825059,20,2906,2671,1578,0,38.586666666666666,235,1328,False,False,False,False,False
946826863,20,2903,2684,1525,0,39.08777777777778,219,1378,False,False,False,False,False
946828667,20,2897,2678,1596,0,39.58888888888889,219,1301,False,False,False,False,False
946830471,20,2905,2674,1472,0,40.09,231,1433,False,False,False,False,False
946832275,20,2892,2668,1527,0,40.59111111111111,224,1365,False,False,False,False,False
946834080,20,2896,2667,1515,0,41.0925,229,1381,False,False,False,False,False
946835884,20,2894,2655,1501,0,41.59361111111111,239,1393,False,False,False,False,False
946837688,20,2882,2657,1491,0,42.094722222222224,225,1391,False,False,False,False,False
946839492,20,2878,2647,1494,0,42.59583333333333,231,1384,False,False,False,False,False
946841296,20,2869,2650,1488,0,43.096944444444446,219,1381,False,False,False,False,False
946843101,20,2876,2645,1499,0,43.598333333333336,231,1377,False,False,False,False,False
946844905,20,2871,2634,1472,0,44.099444444444444,237,1399,False,False,False,False,False
946846709,20,2871,2637,1480,0,44.60055555555556,234,1391,False,False,False,False,False
946848513,20,2872,2626,1354,0,45.10166666666667,246,1518,False,False,False,False,False
946850317,20,2864,2609,1512,0,45.602777777777774,255,1352,False,False,False,False,False
946852122,20,2850,2610,1406,0,46.104166666666664,240,1444,False,False,False,False,False
946853926,20,2855,2603,1436,0,46.60527777777778,252,1419,False,False,False,False,False
946855730,20,2853,2594,1353,0,47.10638888888889,259,1500,False,False,False,False,False
946857534,20,2839,2593,1462,0,47.6075,246,1377,False,False,False,False,False
946859339,20,2829,2581,1365,0,48.10888888888889,248,1464,False,False,False,False,False
946861143,20,2829,2571,1318,0,48.61,258,1511,False,False,False,False,False
946862947,20,2823,2568,1357,0,49.111111111111114,255,1466,False,False,False,False,False
946864752,20,2826,2551,1325,0,49.6125,275,1501,False,False,False,False,False
946866556,20,2809,2547,1251,0,50.11361111111111,262,1558,False,False,False,False,False
946868360,20,2810,2539,1348,0,50.61472222222222,271,1462,False,False,False,False,False
946870165,20,2803,2532,1197,0,51.11611111111111,271,1606,False,False,False,False,False
946871969,20,2794,2522,1256,0,51.617222222222225,272,1538,False,False,False,False,False
946873773,20,2784,2509,1156,0,52.11833333333333,275,1628,False,False,False,False,False
946875578,20,2784,2495,1188,0,52.61972222222222,289,1596,False,False,False,False,False
946877382,20,2766,2472,1152,0,53.12083333333333,294,1614,False,False,False,False,False
946879187,20,2758,2427,1233,0,53.62222222222222,331,1525,False,False,False,False,False
946880991,20,2760,2365,1155,0,54.123333333333335,395,1605,False,False,False,False,False
946882796,20,2747,2459,1162,0,54.624722222222225,288,1585,False,False,False,False,False
946884600,20,2738,2448,1062,0,55.12583333333333,290,1676,False,False,False,False,False
946886405,20,2727,2448,1238,0,55.62722222222222,279,1489,False,False,False,False,False
946888210,20,2729,2436,1109,0,56.12861111111111,293,1620,False,False,False,False,False
946890014,20,2709,2420,1131,0,56.62972222222222,289,1578,False,False,False,False,False
946891819,20,2697,2405,1069,0,57.13111111111111,292,1628,False,False,False,False,False
946893624,20,2689,2382,1065,0,57.6325,307,1624,False,False,False,False,False
946895428,20,2673,2357,1026,0,58.13361111111111,316,1647,False,False,False,False,False
946897233,20,2666,2334,1014,0,58.635,332,1652,False,False,False,False,False
946899038,20,2642,2302,1010,0,59.13638888888889,340,1632,False,False,False,False,False
946900842,20,2638,2283,1000,0,59.6375,355,1638,False,False,False,False,False
946902647,20,2603,2248,987,0,60.138888888888886,355,1616,False,False,False,False,False
946904452,20,2597,2208,967,0,60.640277777777776,389,1630,False,False,False,False,False
946906257,20,2560,2150,945,0,61.141666666666666,410,1615,False,False,False,False,False
946908061,20,2543,2075,920,0,61.64277777777778,468,1623,False,False,False,False,False
946909710,20,2509,742,765,4,62.100833333333334,1767,1744,False,False,True,False,False
946910640,20,2508,722,754,6,62.35916666666667,1786,1754,False,True,True,False,False
946911564,20,2513,724,742,4,62.615833333333335,1789,1771,False,False,True,False,False
946912477,20,2517,712,746,6,62.86944444444445,1805,1771,False,True,True,False,False
946913393,20,2521,719,737,4,63.12388888888889,1802,1784,False,False,True,False,False
946914307,20,2525,711,745,6,63.37777777777778,1814,1780,False,True,True,False,False
946915222,20,2528,712,744,4,63.63194444444444,1816,1784,False,False,True,False,False
946916142,20,2530,712,753,6,63.8875,1818,1777,False,True,True,False,False
946917054,20,2537,701,742,4,64.14083333333333,1836,1795,False,False,True,False,False
946917973,20,2534,708,737,6,64.39611111111111,1826,1797,False,True,True,False,False
946918887,20,2525,708,734,4,64.65,1817,1791,False,False,True,False,False
946919799,20,2538,709,739,6,64.90333333333334,1829,1799,False,True,True,False,False
946920707,20,2544,700,744,4,65.15555555555555,1844,1800,False,False,True,False,False
946921622,20,2552,707,737,6,65.40972222222223,1845,1815,False,True,True,False,False
946922530,20,2543,711,738,4,65.66194444444444,1832,1805,False,False,True,False,False
946923444,20,2543,705,739,6,65.91583333333334,1838,1804,False,True,True,False,False
946924359,20,2538,700,729,4,66.17,1838,1809,False,False,True,False,False
946925266,20,2552,699,735,4,66.42194444444445,1853,1817,False,False,True,False,False
946926176,20,2551,704,730,4,66.67472222222223,1847,1821,False,False,True,False,False
946927084,20,2553,699,717,6,66.92694444444444,1854,1836,False,True,True,False,False
946927996,20,2553,705,728,4,67.18027777777777,1848,1825,False,False,True,False,False
946928903,20,2556,688,732,6,67.43222222222222,1868,1824,False,True,True,False,False
946929814,20,2560,695,722,4,67.68527777777778,1865,1838,False,False,True,False,False
946930722,20,2559,699,733,6,67.9375,1860,1826,False,True,True,False,False
946931630,20,2564,701,732,4,68.18972222222222,1863,1832,False,False,True,False,False
946932540,20,2570,703,738,6,68.4425,1867,1832,False,True,True,False,False
946933450,20,2568,703,729,4,68.69527777777778,1865,1839,False,False,True,False,False
946934367,20,2560,703,732,6,68.95,1857,1828,False,True,True,False,False
946935277,20,2559,692,730,4,69.20277777777778,1867,1829,False,False,True,False,False
946936185,20,2568,695,731,4,69.455,1873,1837,False,False,True,False,False
946937095,20,2565,697,723,6,69.70777777777778,1868,1842,False,True,True,False,False
946938010,20,2565,690,726,4,69.96194444444444,1875,1839,False,False,True,False,False
946938922,20,2565,695,727,6,70.21527777777777,1870,1838,False,True,True,False,False
946939830,20,2567,697,735,4,70.4675,1870,1832,False,False,True,False,False
946940744,20,2567,695,727,6,70.7213888888889,1872,1840,False,True,True,False,False
946941661,20,2564,692,727,4,70.97611111111111,1872,1837,False,False,True,False,False
946942571,20,2556,697,721,6,71.22888888888889,1859,1835,False,True,True,False,False
946943481,20,2572,695,723,4,71.48166666666667,1877,1849,False,False,True,False,False
946944391,20,2566,686,719,6,71.73444444444445,1880,1847,False,True,True,False,False
946945308,20,2563,692,728,4,71.98916666666666,1871,1835,False,False,True,False,False
946946216,20,2570,697,721,4,72.24138888888889,1873,1849,False,False,True,False,False
946947124,20,2574,693,721,4,72.49361111111111,1881,1853,False,False,True,False,False
946948032,20,2568,689,735,4,72.74583333333334,1879,1833,False,False,True,False,False
946949849,20,2583,689,723,4,73.25055555555555,1894,1860,False,False,True,False,False
946950755,20,2577,695,724,4,73.50222222222222,1882,1853,False,False,True,False,False
946951670,20,2578,691,733,4,73.75638888888889,1887,1845,False,False,True,False,False
946952578,20,2576,695,730,4,74.00861111111111,1881,1846,False,False,True,False,False
946953488,20,2578,696,727,4,74.26138888888889,1882,1851,False,False,True,False,False
946954398,20,2580,682,729,4,74.51416666666667,1898,1851,False,False,True,False,False
946955309,20,2577,692,716,4,74.76722222222222,1885,1861,False,False,True,False,False
946956217,20,2576,690,728,4,75.01944444444445,1886,1848,False,False,True,False,False
946957125,20,2576,692,712,4,75.27166666666666,1884,1864,False,False,True,False,False
946958032,20,2587,685,729,4,75.52361111111111,1902,1858,False,False,True,False,False
946958944,20,2573,685,716,4,75.77694444444444,1888,1857,False,False,True,False,False
