timestamp,temp,batt_mV,soundDroop_mV,boltDroop_mV,faults,batteryLevel,Time Elapsed (hours),soundDroopMag_mV,boltDroopMag_mV,meanLevel,nnLevel,fault_brownout,fault_bolt,fault_sound,fault_sound_brownout,fault_bolt_brownout
946685877,49,3216,3163,3147,0,51,0.0,53,69,3,3,False,False,False,False,False
946687682,56,3063,3014,3008,0,51,0.5013888888888889,49,55,3,3,False,False,False,False,False
946689485,59,3031,2976,2969,0,51,1.0022222222222221,55,62,3,3,False,False,False,False,False
946691288,59,3016,2965,2956,0,51,1.5030555555555556,51,60,3,3,False,False,False,False,False
946693092,59,3011,2957,2948,0,51,2.004166666666667,54,63,3,3,False,False,False,False,False
946694895,59,3007,2947,2947,0,51,2.505,60,60,3,3,False,False,False,False,False
946696698,59,3004,2953,2945,0,51,3.0058333333333334,51,59,3,3,False,False,False,False,False
946698502,59,2998,2953,2943,0,51,3.5069444444444446,45,55,3,3,False,False,False,False,False
946700305,59,2994,2948,2937,0,51,4.007777777777778,46,57,3,3,False,False,False,False,False
946702108,59,2994,2944,2941,0,51,4.508611111111111,50,53,3,3,False,False,False,False,False
946703912,59,2996,2942,2933,0,51,5.009722222222222,54,63,3,3,False,False,False,False,False
946705715,59,2994,2947,2938,0,51,5.510555555555555,47,56,3,3,False,False,False,False,False
946707518,59,3000,2944,2938,0,51,6.011388888888889,56,62,3,3,False,False,False,False,False
946709322,59,2992,2943,2936,0,51,6.5125,49,56,3,3,False,False,False,False,False
946711125,59,2990,2938,2938,0,51,7.013333333333334,52,52,3,3,False,False,False,False,False
946712928,59,3000,2946,2934,0,51,7.514166666666667,54,66,3,3,False,False,False,False,False
946714732,59,2991,2944,2935,0,51,8.015277777777778,47,56,3,3,False,False,False,False,False
946716535,59,2995,2942,2935,0,51,8.516111111111112,53,60,3,3,False,False,False,False,False
946718338,59,2993,2942,2938,0,51,9.016944444444444,51,55,3,3,False,False,False,False,False
946720142,59,2992,2938,2935,0,51,9.518055555555556,54,57,3,3,False,False,False,False,False
946721945,59,3004,2943,2937,0,51,10.018888888888888,61,67,3,3,False,False,False,False,False
946723748,59,2996,2943,2936,0,51,10.519722222222223,53,60,3,3,False,False,False,False,False
946725552,59,2997,2944,2938,0,51,11.020833333333334,53,59,3,3,False,False,False,False,False
946727355,59,2999,2937,2933,0,51,11.521666666666667,62,66,3,3,False,False,False,False,False
946729158,59,2999,2942,2936,0,51,12.0225,57,63,3,3,False,False,False,False,False
946730962,59,2991,2943,2935,0,51,12.52361111111111,48,56,3,3,False,False,False,False,False
946732765,59,2999,2944,2933,0,51,13.024444444444445,55,66,3,3,False,False,False,False,False
946734568,59,2996,2942,2938,0,51,13.525277777777777,54,58,3,3,False,False,False,False,False
946736372,59,2995,2942,2937,0,51,14.026388888888889,53,58,3,3,False,False,False,False,False
946738175,59,2999,2942,2936,0,51,14.527222222222223,57,63,3,3,False,False,False,False,False
946739978,59,2994,2944,2938,0,51,15.028055555555556,50,56,3,3,False,False,False,False,False
946741782,59,2997,2940,2938,0,51,15.529166666666667,57,59,3,3,False,False,False,False,False
946743585,59,2987,2942,2938,0,51,16.03,45,49,3,3,False,False,False,False,False
946745389,59,2997,2940,2937,0,51,16.531111111111112,57,60,3,3,False,False,False,False,False
946747192,59,2991,2943,2940,0,51,17.031944444444445,48,51,3,3,False,False,False,False,False
946748995,59,2999,2943,2934,0,51,17.532777777777778,56,65,3,3,False,False,False,False,False
946750799,59,2990,2940,2937,0,51,18.03388888888889,50,53,3,3,False,False,False,False,False
946752602,59,3002,2944,2935,0,51,18.53472222222222,58,67,3,3,False,False,False,False,False
946754405,59,2995,2938,2940,0,51,19.035555555555554,57,55,3,3,False,False,False,False,False
946756209,59,2994,2942,2932,0,51,19.536666666666665,52,62,3,3,False,False,False,False,False
946758012,59,2996,2946,2938,0,51,20.0375,50,58,3,3,False,False,False,False,False
946759816,59,2994,2938,2933,0,51,20.538611111111113,56,61,3,3,False,False,False,False,False
946761619,59,2992,2935,2935,0,51,21.039444444444445,57,57,3,3,False,False,False,False,False
946763422,59,2995,2942,2933,0,51,21.540277777777778,53,62,3,3,False,False,False,False,False
946765226,59,3001,2940,2935,0,51,22.04138888888889,61,66,3,3,False,False,False,False,False
946767029,59,3002,2942,2932,0,51,22.54222222222222,60,70,3,3,False,False,False,False,False
946768832,59,2993,2937,2930,0,51,23.043055555555554,56,63,3,3,False,False,False,False,False
946770636,59,2995,2938,2934,0,51,23.544166666666666,57,61,3,3,False,False,False,False,False
946772439,59,2993,2940,2931,0,51,24.045,53,62,3,3,False,False,False,False,False
946774242,59,2995,2938,2928,0,51,24.545833333333334,57,67,3,3,False,False,False,False,False
946776046,59,2996,2938,2927,0,51,25.046944444444446,58,69,3,3,False,False,False,False,False
946777849,59,2994,2929,2927,0,51,25.547777777777778,65,67,3,3,False,False,False,False,False
946779653,59,2994,2936,2927,0,51,26.04888888888889,58,67,3,3,False,False,False,False,False
946781456,59,2995,2936,2927,0,51,26.549722222222222,59,68,3,3,False,False,False,False,False
946783259,59,2991,2935,2929,0,51,27.050555555555555,56,62,3,3,False,False,False,False,False
946785063,59,2987,2936,2922,0,51,27.551666666666666,51,65,3,3,False,False,False,False,False
946786866,59,2983,2938,2924,0,51,28.0525,45,59,3,3,False,False,False,False,False
946788669,59,2991,2932,2923,0,51,28.553333333333335,59,68,3,3,False,False,False,False,False
946790473,59,2982,2927,2920,0,51,29.054444444444446,55,62,3,3,False,False,False,False,False
946792276,59,2981,2928,2918,0,51,29.55527777777778,53,63,3,3,False,False,False,False,False
946794079,59,2980,2921,2920,0,51,30.05611111111111,59,60,3,3,False,False,False,False,False
946795883,59,2978,2921,2918,0,51,30.557222222222222,57,60,3,3,False,False,False,False,False
946797686,59,2981,2924,2919,0,51,31.058055555555555,57,62,3,3,False,False,False,False,False
946799489,59,2988,2923,2912,0,51,31.558888888888887,65,76,3,3,False,False,False,False,False
946801293,59,2978,2920,2912,0,51,32.06,58,66,3,3,False,False,False,False,False
946803096,59,2986,2917,2910,0,51,32.560833333333335,69,76,3,3,False,False,False,False,False
946804899,59,2978,2913,2906,0,51,33.06166666666667,65,72,3,3,False,False,False,False,False
946806703,59,2976,2912,2905,0,51,33.562777777777775,64,71,3,3,False,False,False,False,False
946808506,59,2975,2904,2904,0,51,34.06361111111111,71,71,3,3,False,False,False,False,False
946810309,59,2969,2907,2897,0,51,34.56444444444445,62,72,3,3,False,False,False,False,False
946812113,59,2978,2906,2898,0,51,35.065555555555555,72,80,3,3,False,False,False,False,False
946813916,59,2965,2903,2897,0,51,35.56638888888889,62,68,3,3,False,False,False,False,False
946815719,59,2963,2900,2895,0,51,36.06722222222222,63,68,3,3,False,False,False,False,False
946817523,59,2961,2903,2888,0,51,36.568333333333335,58,73,3,3,False,False,False,False,False
946819326,59,2965,2899,2885,0,51,37.06916666666667,66,80,3,3,False,False,False,False,False
946821129,59,2955,2897,2887,0,51,37.57,58,68,3,3,False,False,False,False,False
946822933,59,2958,2886,2881,0,51,38.07111111111111,72,77,3,3,False,False,False,False,False
946824736,59,2954,2886,2877,0,51,38.57194444444445,68,77,3,3,False,False,False,False,False
946826539,59,2952,2885,2873,0,51,39.07277777777778,67,79,3,3,False,False,False,False,False
946828343,59,2942,2882,2867,0,51,39.57388888888889,60,75,3,3,False,False,False,False,False
946830146,59,2943,2878,2867,0,51,40.07472222222222,65,76,3,3,False,False,False,False,False
946831950,59,2934,2869,2859,0,51,40.575833333333335,65,75,3,3,False,False,False,False,False
946833753,59,2929,2869,2854,0,51,41.07666666666667,60,75,3,3,False,False,False,False,False
946835556,59,2936,2860,2847,0,51,41.5775,76,89,3,3,False,False,False,False,False
946837360,59,2924,2852,2843,0,51,42.07861111111111,72,81,3,3,False,False,False,False,False
946839163,59,2922,2852,2840,0,51,42.57944444444445,70,82,3,3,False,False,False,False,False
946840966,59,2919,2843,2832,0,51,43.08027777777778,76,87,3,3,False,False,False,False,False
946842770,59,2903,2841,2826,0,51,43.58138888888889,62,77,3,3,False,False,False,False,False
946844573,59,2909,2834,2821,0,51,44.08222222222222,75,88,3,3,False,False,False,False,False
946846376,59,2906,2829,2816,0,51,44.58305555555555,77,90,3,3,False,False,False,False,False
946848180,59,2896,2826,2813,0,51,45.08416666666667,70,83,3,3,False,False,False,False,False
946849983,59,2888,2820,2806,0,51,45.585,68,82,3,3,False,False,False,False,False
946851787,59,2888,2813,2803,0,51,46.08611111111111,75,85,3,3,False,False,False,False,False
946853590,59,2879,2809,2796,0,51,46.58694444444444,70,83,3,3,False,False,False,False,False
946855393,59,2883,2809,2796,0,51,47.08777777777778,74,87,3,3,False,False,False,False,False
946857197,59,2871,2803,2789,0,51,47.58888888888889,68,82,3,3,False,False,False,False,False
946859000,59,2868,2800,2783,0,51,48.08972222222222,68,85,3,3,False,False,False,False,False
946860803,59,2875,2792,2777,0,51,48.590555555555554,83,98,3,3,False,False,False,False,False
946862607,59,2871,2790,2777,0,51,49.09166666666667,81,94,3,3,False,False,False,False,False
946864410,59,2861,2788,2771,0,51,49.5925,73,90,3,3,False,False,False,False,False
946866213,59,2854,2779,2769,0,51,50.093333333333334,75,85,3,3,False,False,False,False,False
946868017,59,2866,2773,2763,0,51,50.59444444444444,93,103,3,3,False,False,False,False,False
946869820,59,2848,2770,2757,0,51,51.09527777777778,78,91,3,3,False,False,False,False,False
946871623,59,2843,2768,2754,0,51,51.596111111111114,75,89,3,3,False,False,False,False,False
946873427,59,2849,2765,2750,0,51,52.09722222222222,84,99,3,3,False,False,False,False,False
946875230,59,2849,2760,2745,0,51,52.598055555555554,89,104,3,3,False,False,False,False,False
946877033,59,2843,2760,2740,0,51,53.09888888888889,83,103,3,3,False,False,False,False,False
946878837,59,2840,2752,2734,0,51,53.6,88,106,3,3,False,False,False,False,False
946880640,59,2836,2749,2732,0,51,54.100833333333334,87,104,3,3,False,False,False,False,False
946882444,59,2835,2749,2728,0,51,54.60194444444444,86,107,3,3,False,False,False,False,False
946884247,59,2826,2745,2726,0,51,55.102777777777774,81,100,3,3,False,False,False,False,False
946886050,59,2826,2740,2719,0,51,55.603611111111114,86,107,3,3,False,False,False,False,False
946887854,59,2824,2731,2716,0,51,56.10472222222222,93,108,3,3,False,False,False,False,False
946889657,59,2822,2736,2709,0,51,56.605555555555554,86,113,3,3,False,False,False,False,False
946891460,59,2827,2730,2704,0,51,57.10638888888889,97,123,3,3,False,False,False,False,False
946893264,59,2813,2722,2704,0,51,57.6075,91,109,3,3,False,False,False,False,False
946895067,59,2809,2720,2697,0,51,58.108333333333334,89,112,3,3,False,False,False,False,False
946896870,59,2810,2715,2696,0,51,58.60916666666667,95,114,3,3,False,False,False,False,False
946898674,59,2810,2713,2687,0,51,59.110277777777775,97,123,3,3,False,False,False,False,False
946900477,59,2804,2703,2682,0,51,59.611111111111114,101,122,3,3,False,False,False,False,False
946902280,59,2811,2697,2682,0,51,60.11194444444445,114,129,3,3,False,False,False,False,False
946904084,59,2798,2697,2675,0,34,60.613055555555555,101,123,2,2,False,False,False,False,False
946905887,59,2791,2695,2669,0,34,61.11388888888889,96,122,2,2,False,False,False,False,False
946907690,59,2796,2693,2668,0,34,61.61472222222222,103,128,2,2,False,False,False,False,False
946909494,59,2792,2687,2658,0,34,62.115833333333335,105,134,2,2,False,False,False,False,False
946911297,59,2783,2676,2650,0,34,62.61666666666667,107,133,2,2,False,False,False,False,False
946913100,59,2781,2676,2647,0,34,63.1175,105,134,2,2,False,False,False,False,False
946914904,59,2778,2678,2644,0,34,63.618611111111115,100,134,2,2,False,False,False,False,False
946916707,59,2768,2666,2636,0,34,64.11944444444444,102,132,2,2,False,False,False,False,False
946918510,59,2777,2661,2630,0,34,64.62027777777777,116,147,2,2,False,False,False,False,False
946920314,59,2764,2655,2623,0,34,65.12138888888889,109,141,2,2,False,False,False,False,False
946922117,59,2758,2645,2616,0,34,65.62222222222222,113,142,2,2,False,False,False,False,False
946923921,59,2764,2644,2611,0,34,66.12333333333333,120,153,2,2,False,False,False,False,False
946925724,59,2755,2629,2599,0,34,66.62416666666667,126,156,2,2,False,False,False,False,False
946927527,59,2747,2630,2594,0,34,67.125,117,153,2,2,False,False,False,False,False
946929331,59,2748,2619,2583,0,34,67.62611111111111,129,165,2,2,False,False,False,False,False
946931134,59,2734,2608,2575,0,34,68.12694444444445,126,159,2,2,False,False,False,False,False
946932937,59,2731,2602,2562,0,34,68.62777777777778,129,169,2,2,False,False,False,False,False
946934741,59,2733,2590,2549,0,34,69.1288888888889,143,184,2,2,False,False,False,False,False
946936544,59,2720,2579,2534,0,34,69.62972222222223,141,186,2,2,False,False,False,False,False
946938347,59,2704,2568,2528,0,34,70.13055555555556,136,176,2,2,False,False,False,False,False
946940151,59,2698,2548,2505,0,34,70.63166666666666,150,193,2,2,False,False,False,False,False
946941954,59,2684,2527,2482,0,18,71.1325,157,202,2,1,False,False,False,False,False
946943757,59,2672,2515,2460,0,18,71.63333333333334,157,212,2,1,False,False,False,False,False
946945561,59,2665,2498,2442,0,18,72.13444444444444,167,223,2,1,False,False,False,False,False
946947364,59,2642,2480,2416,0,17,72.63527777777777,162,226,1,1,False,False,False,False,False
946949168,59,2633,2454,2398,0,17,73.13638888888889,179,235,1,1,False,False,False,False,False
946950971,59,2615,2431,2358,0,17,73.63722222222222,184,257,1,1,False,False,False,False,False
946952774,59,2606,2404,2334,0,17,74.13805555555555,202,272,1,1,False,False,False,False,False
946954578,59,2579,2377,2296,0,17,74.63916666666667,202,283,1,1,False,False,False,False,False
946956381,59,2563,2338,2262,0,17,75.14,225,301,1,1,False,False,False,False,False
946958184,59,2531,2293,2199,0,17,75.64083333333333,238,332,1,1,False,False,False,False,False
946959988,59,2505,2247,2136,0,17,76.14194444444445,258,369,1,1,False,False,False,False,False
946961791,59,2457,2141,1987,0,17,76.64277777777778,316,470,1,1,False,False,False,False,False
946963594,59,2412,2046,1842,0,17,77.14361111111111,366,570,1,1,False,False,False,False,False
946965398,59,2345,1924,1647,0,17,77.64472222222223,421,698,1,1,False,False,False,False,False
946967201,59,2253,1696,1195,0,17,78.14555555555556,557,1058,1,1,False,False,False,False,False
946969004,59,2084,933,647,4,17,78.6463888888889,1151,1437,1,1,False,False,True,False,False
946970033,59,2096,1338,630,6,17,78.93222222222222,758,1466,1,1,False,True,True,False,False
946971018,59,2110,1285,647,4,17,79.20583333333333,825,1463,1,1,False,False,True,False,False
946971997,59,2117,1177,640,6,17,79.47777777777777,940,1477,1,1,False,True,True,False,False
946972957,59,2129,1075,642,4,17,79.74444444444444,1054,1487,1,1,False,False,True,False,False
